79793 79793 43
79793 80973 33
80973 87458 85
87458 87480 84
87480 87503 83
87503 87525 82
87525 87549 81
87549 87573 80
87573 87597 79
87597 87620 78
87620 87643 77
87643 87684 75
87684 87727 73
87727 87769 71
87769 87810 69
87810 87848 67
87848 87885 65
87885 87920 63
87920 87955 61
87955 88258 60
88258 88292 85
88292 88727 84
88727 88779 82
88779 88827 80
88827 88874 78
88874 88919 76
88919 88962 74
88962 89003 72
89003 89033 71
89033 89063 69
89063 89084 68
89084 89117 66
89117 89152 64
89152 91021 63
91021 91751 85
91751 92132 84
92132 92190 82
92190 92211 81
92211 92251 79
92251 93835 78
93835 94563 85
94563 95048 84
95048 95080 82
95080 95126 80
95126 96689 78
96689 98912 85
98912 99142 84
99142 99190 82
99190 99236 80
99236 100682 78
100682 107351 85
107351 107534 84
107534 107568 83
107568 107610 81
107610 107644 80
107644 107691 78
107691 107735 76
107735 107778 74
107778 107819 72
107819 107851 70
107851 107891 68
107891 107927 66
107927 107963 64
107963 107998 62
107998 108030 60
108030 108063 58
108063 108090 57
108090 108108 55
108108 108136 53
108136 108164 51
108164 108190 49
108190 109276 48
109276 109284 47
109284 109304 45
109304 109321 43
109321 109338 41
109338 109355 39
109355 109367 38
109367 109379 36
109379 109394 34
109394 109411 32
109411 109414 31
109414 109425 30
109425 109428 29
109428 110432 48
110432 110963 85
110963 111052 84
111052 111100 82
111100 111140 81
111140 111170 79
111170 111191 78
111191 111235 77
111235 111282 75
111282 111327 73
111327 111371 71
111371 111413 69
111413 111453 67
111453 111492 65
111492 111528 63
111528 111564 61
111564 111598 59
111598 111631 57
111631 111663 55
111663 111693 53
111693 111723 51
111723 111750 49
111750 111777 47
111777 111803 45
111803 111828 43
111828 111852 41
111852 111874 39
111874 111896 37
111896 111916 35
111916 112959 33
112959 115031 85
115031 115192 84
115192 115240 82
115240 115286 80
115286 115735 78
115735 115830 77
115830 115873 75
115873 117649 73
117649 118423 85
118423 118517 84
118517 118565 83
118565 118596 81
118596 118658 79
118658 118705 77
118705 118751 75
118751 118794 73
118794 118836 71
118836 118877 69
118877 118915 67
118915 118952 65
118952 118995 63
118995 119022 61
119022 119055 59
119055 119088 57
119088 119088 58
119088 119089 57
119089 119130 55
119130 119144 54
119144 119158 53
119158 119175 51
119175 119201 49
119201 120326 48
120326 120331 47
120331 120349 45
120349 120365 43
120365 120377 42
120377 120390 40
120390 120400 39
120400 120410 38
120410 120417 37
120417 120421 36
120421 120433 34
120433 120441 33
120441 120448 32
120448 120455 31
120455 121502 48
121502 122269 83
122269 131959 85
131959 132184 84
132184 132208 83
132208 132656 82
132656 134109 80
134109 135649 83
135649 140064 85
140064 140497 84
140497 140556 82
140556 140841 80
140841 140856 79
140856 140902 77
140902 140945 75
140945 140987 73
140987 141028 71
141028 141067 69
141067 144977 68
144977 145207 73
145207 148769 80
148769 149174 79
149174 149218 77
149218 149261 75
149261 151277 73
151277 157329 80
157329 157361 79
157361 157406 77
157406 157451 75
157451 157490 74
157490 157513 72
157513 157572 70
157572 157591 68
157591 157618 67
157618 157645 65
157645 157668 64
157668 159164 63
159164 163107 85
163107 163244 84
163244 163291 82
163291 164573 80
164573 178232 85
178232 178264 84
178264 179849 83
179849 192758 85
192758 192795 84
192795 193730 83
193730 193869 82
193869 193916 80
193916 193961 78
193961 194005 76
194005 194565 75
194565 194784 74
194784 196219 73
196219 197949 83
197949 204209 85
204209 204254 84
204254 205819 83
205819 205960 82
205960 206006 80
206006 206051 78
206051 206096 76
206096 207469 75
207469 207915 85
207915 208019 84
208019 208070 82
208070 208115 80
208115 208162 78
208162 208206 76
208206 209630 75
209630 210916 85
210916 210924 84
210924 211533 83
211533 211659 82
211659 211705 80
211705 211751 78
211751 211795 76
211795 213199 75
213199 213199 85
213199 213539 84
213539 214026 83
214026 214396 82
214396 215412 80
215412 215510 79
215510 217065 78
217065 217716 85
217716 217754 84
217754 219419 83
219419 220132 85
220132 220539 84
220539 220589 82
220589 220635 80
220635 220682 78
220682 220725 76
220725 222149 75
222149 225477 85
225477 225638 84
225638 225747 82
225747 225822 80
225822 225900 78
225900 225900 79
225900 225918 78
225918 225974 77
225974 226007 76
226007 226167 74
226167 226187 73
226187 226187 74
226187 226190 73
226190 226245 71
226245 226290 69
226290 226331 68
226331 226354 66
226354 226393 65
226393 226398 64
226398 226398 65
226398 226434 64
226434 226450 62
226450 226486 60
226486 226521 58
226521 226554 56
226554 226587 54
226587 226610 53
226610 226628 52
226628 226647 50
226647 226673 48
226673 226699 46
226699 226724 44
226724 226748 42
226748 226761 41
226761 226781 39
226781 226808 37
226808 226824 35
226824 227889 33
227889 228479 83
228479 230231 85
230231 230549 84
230549 230599 82
230599 230645 80
230645 230691 78
230691 230735 76
230735 232179 75
232179 236913 85
236913 237655 84
237655 242699 83
242699 253145 85
253145 253744 84
253744 255209 83
255209 259605 85
259605 259627 84
259627 259648 83
259648 259670 82
259670 259694 81
259694 261199 80
261199 264475 85
264475 264612 84
264612 264661 82
264661 264732 80
264732 264755 78
264755 264798 76
264798 264840 74
264840 266338 73
266338 266668 80
266668 266687 79
266687 266704 78
266704 266738 76
266738 266780 74
266780 266821 73
266821 266841 71
266841 266880 69
266880 266917 67
266917 266953 65
266953 266987 63
266987 267020 61
267020 267319 60
267319 267379 75
267379 267585 74
267585 267632 72
267632 267676 70
267676 267719 68
267719 267760 66
267760 267800 64
267800 267838 62
267838 267874 60
267874 267909 58
267909 267942 56
267942 267975 54
267975 268008 52
268008 268038 50
268038 268052 49
268052 268080 47
268080 268105 45
268105 268130 43
268130 268155 41
268155 268177 39
268177 268199 37
268199 268220 35
268220 252016 33
252016 253686 85
253686 253748 84
253748 255218 83
255218 259336 85
259336 259639 84
259639 259655 83
259655 259674 82
259674 259709 81
259709 261211 80
261211 264448 85
264448 264612 84
264612 264660 83
264660 264679 82
264679 264695 81
264695 264716 80
264716 264738 79
264738 264779 77
264779 264820 75
264820 266337 73
266337 266654 80
266654 266665 79
266665 266711 77
266711 266753 75
266753 266796 73
266796 266835 72
266835 266868 70
266868 266880 69
266880 266908 68
266908 266921 67
266921 266935 66
266935 266962 65
266962 266976 64
266976 266989 63
266989 267015 61
267015 267315 60
267315 267365 75
267365 267581 74
267581 267626 72
267626 267684 70
267684 267714 68
267714 267755 66
267755 267795 64
267795 267834 62
267834 267870 60
267870 267904 58
267904 267938 56
267938 267971 54
267971 268004 52
268004 268034 50
268034 268049 49
268049 268075 47
268075 268102 45
268102 268126 43
268126 268151 41
268151 268174 39
268174 268195 37
268195 268217 35
268217 268292 33
