信号机  越过距离    连续公里标  长度    坡度值
798         0         79793         440         0.800000
798         440         80233         200         4.600000
798         640         80433         350         7.400000
798         990         80783         450         5.400000
798         1440         81233         300         2.700000
798         1740         81533         100         -8.400000
778         0         81633         235         -8.400000
778         235         81868         200         -3.400000
778         435         82068         200         0.000000
778         635         82268         200         2.800000
778         835         82468         200         6.100000
778         1035         82668         75         8.200000
768         0         82743         220         8.200000
768         220         82963         210         4.200000
768         430         83173         290         -7.000000
768         720         83463         280         -3.200000
768         1000         83743         510         0.000000
768         1510         84253         300         2.900000
768         1810         84553         500         4.600000
768         2310         85053         430         0.200000
768         2740         85483         380         -6.700000
768         3120         85863         200         -1.700000
768         3320         86063         210         7.300000
768         3530         86273         230         3.000000
768         3760         86503         420         -2.800000
768         4180         86923         100         -1.500000
726         0         87023         145         -1.500000
726         145         87168         350         -1.200000
726         495         87518         300         0.000000
726         795         87818         250         0.900000
726         1045         88068         155         0.000000
714         0         88223         40         0.000000
714         40         88263         200         0.900000
714         240         88463         500         2.100000
714         740         88963         300         1.800000
714         1040         89263         165         1.200000
700         0         89428         235         1.200000
700         235         89663         290         1.800000
700         525         89953         300         2.600000
700         825         90253         350         1.900000
700         1175         90603         350         0.600000
700         1525         90953         300         2.000000
700         1825         91253         400         1.300000
700         2225         91653         200         3.000000
700         2425         91853         200         7.200000
700         2625         92053         200         8.500000
700         2825         92253         300         7.600000
700         3125         92553         250         2.500000
700         3375         92803         350         -3.600000
700         3725         93153         195         -0.200000
662         0         93348         155         -0.200000
662         155         93503         250         -4.400000
662         405         93753         250         -0.200000
662         655         94003         200         3.900000
662         855         94203         200         4.200000
662         1055         94403         50         -1.500000
650         0         94453         295         -1.500000
650         295         94748         300         -1.200000
650         595         95048         200         2.600000
650         795         95248         500         2.100000
650         1295         95748         110         5.200000
642         0         95858         290         5.200000
642         290         96148         250         0.800000
642         540         96398         300         6.400000
642         840         96698         470         -5.300000
642         1310         97168         430         5.600000
642         1740         97598         200         1.200000
642         1940         97798         250         -2.200000
642         2190         98048         200         0.000000
642         2390         98248         600         0.800000
642         2990         98848         300         1.900000
642         3290         99148         250         2.900000
642         3540         99398         450         4.600000
642         3990         99848         200         1.600000
642         4190         100048         265         0.900000
592         0         100313         130         0.900000
592         130         100443         200         -4.600000
592         330         100643         200         -1.000000
592         530         100843         400         4.800000
592         930         101243         65         3.500000
582         0         101308         130         3.500000
582         130         101438         500         0.800000
582         630         101938         250         0.300000
582         880         102188         175         1.800000
572         0         102363         75         1.800000
572         75         102438         200         2.800000
572         275         102638         250         1.600000
572         525         102888         350         2.700000
572         875         103238         320         5.000000
572         1195         103558         380         0.000000
572         1575         103938         200         -1.500000
572         1775         104138         400         0.500000
572         2175         104538         200         1.400000
572         2375         104738         200         0.300000
572         2575         104938         220         -0.600000
572         2795         105158         280         3.000000
572         3075         105438         500         5.600000
572         3575         105938         200         7.400000
572         3775         106138         300         3.800000
572         4075         106438         400         1.000000
572         4475         106838         320         -2.000000
572         4795         107158         5         0.900000
520         0         107163         445         0.900000
520         445         107608         350         4.400000
520         795         107958         325         3.800000
510         0         108283         270         3.800000
510         270         108553         380         0.600000
510         650         108933         200         -0.900000
510         850         109133         300         0.400000
510         1150         109433         25         0.700000
500         0         109458         170         0.700000
500         170         109628         300         1.600000
500         470         109928         200         0.600000
500         670         110128         500         3.000000
500         1170         110628         200         1.600000
500         1370         110828         900         3.400000
500         2270         111728         300         -0.600000
500         2570         112028         200         2.700000
500         2770         112228         500         5.400000
500         3270         112728         250         5.000000
500         3520         112978         200         -0.400000
500         3720         113178         200         -3.600000
500         3920         113378         45         -2.000000
460         0         113423         205         -2.000000
460         205         113628         300         1.900000
460         505         113928         300         9.600000
460         805         114228         200         4.300000
460         1005         114428         45         3.200000
450         0         114473         155         3.200000
450         155         114628         300         4.700000
450         455         114928         400         3.200000
450         855         115328         195         0.400000
440         0         115523         5         0.400000
440         5         115528         350         -8.200000
440         355         115878         200         1.600000
440         555         116078         450         2.600000
440         1005         116528         350         -0.900000
440         1355         116878         250         1.600000
440         1605         117128         300         1.400000
440         1905         117428         400         2.500000
440         2305         117828         250         10.800000
440         2555         118078         120         2.300000
414         0         118198         75         2.300000
414         75         118273         200         -1.000000
414         275         118473         250         0.600000
414         525         118723         300         1.800000
414         825         119023         270         3.000000
402         0         119293         75         3.000000
402         75         119368         250         1.000000
402         325         119618         300         1.900000
402         625         119918         350         -0.300000
402         975         120268         255         5.900000
392         0         120523         90         5.900000
392         90         120613         300         6.200000
392         390         120913         200         5.200000
392         590         121113         300         0.000000
392         890         121413         300         2.400000
392         1190         121713         200         3.200000
392         1390         121913         450         3.000000
392         1840         122363         200         0.000000
392         2040         122563         200         -4.200000
392         2240         122763         5         -1.200000
366         0         122768         290         -1.200000
366         290         123058         350         1.000000
366         640         123408         300         3.600000
366         940         123708         155         2.800000
356         0         123863         140         2.800000
356         140         124003         350         1.700000
356         490         124353         550         2.600000
356         1040         124903         350         3.400000
356         1390         125253         15         5.900000
346         0         125268         235         5.900000
346         235         125503         250         -2.000000
346         485         125753         250         2.200000
346         735         126003         350         7.200000
346         1085         126353         250         -0.800000
346         1335         126603         200         6.000000
346         1535         126803         250         9.800000
346         1785         127053         250         -0.400000
346         2035         127303         500         -0.500000
346         2535         127803         90         1.000000
312         0         127893         205         1.000000
312         205         128098         300         3.200000
312         505         128398         200         4.400000
312         705         128598         340         4.700000
302         0         128938         5         4.700000
302         5         128943         350         6.800000
302         355         129293         200         1.600000
302         555         129493         200         2.700000
302         755         129693         300         3.400000
302         1055         129993         200         4.300000
302         1255         130193         300         6.000000
302         1555         130493         90         4.800000
288         0         130583         155         4.800000
288         155         130738         340         4.500000
288         495         131078         510         1.600000
288         1005         131588         300         3.500000
288         1305         131888         200         2.600000
288         1505         132088         200         4.000000
288         1705         132288         300         2.900000
288         2005         132588         200         4.800000
288         2205         132788         300         5.800000
288         2505         133088         200         -3.000000
288         2705         133288         200         1.400000
288         2905         133488         200         8.400000
288         3105         133688         330         3.300000
288         3435         134018         270         -2.000000
288         3705         134288         300         9.400000
288         4005         134588         350         -6.400000
288         4355         134938         20         9.200000
244         0         134958         305         9.200000
244         305         135263         320         4.600000
244         625         135583         250         8.200000
244         875         135833         220         2.800000
234         0         136053         25         2.800000
234         25         136078         250         6.600000
234         275         136328         300         8.600000
234         575         136628         250         4.400000
234         825         136878         400         3.000000
234         1225         137278         135         5.000000
224         0         137413         160         5.000000
224         160         137573         15         5.000000
224         175         137588         200         5.700000
224         375         137788         500         5.300000
224         875         138288         200         5.000000
224         1075         138488         200         4.300000
224         1275         138688         800         3.900000
224         2075         139488         250         4.100000
224         2325         139738         50         -6.100000
173         0         139788         395         -6.100000
173         395         140183         300         -5.900000
173         695         140483         300         -12.900000
173         995         140783         225         -13.000000
161         0         141008         60         -13.000000
161         60         141068         210         -11.400000
161         270         141278         200         -14.700000
161         470         141478         210         -8.400000
161         680         141688         210         -10.200000
161         890         141898         200         -7.600000
161         1090         142098         280         -13.300000
161         1370         142378         300         -10.300000
161         1670         142678         355         -8.700000
140         0         143033         40         -8.700000
140         40         143073         200         -10.400000
140         240         143273         340         -8.800000
140         580         143613         330         -12.500000
140         910         143943         185         -7.500000
130         0         144128         40         -7.500000
130         40         144168         240         -7.200000
130         280         144408         260         -4.200000
130         540         144668         200         -3.000000
130         740         144868         600         -2.400000
130         1340         145468         190         -5.000000
116         0         145658         5         -5.000000
116         5         145663         230         -3.300000
116         235         145893         420         0.200000
116         655         146313         240         5.300000
116         895         146553         310         -8.200000
116         1205         146863         200         -6.200000
116         1405         147063         300         -3.200000
116         1705         147363         500         -3.600000
116         2205         147863         250         -2.700000
116         2455         148113         300         -1.300000
116         2755         148413         300         -5.100000
116         3055         148713         300         -3.200000
116         3355         149013         200         -5.000000
116         3555         149213         250         -3.500000
116         3805         149463         200         0.600000
116         4005         149663         300         -5.000000
116         4305         149963         300         -3.900000
116         4605         150263         200         -1.800000
116         4805         150463         300         8.200000
116         5105         150763         350         -4.100000
116         5455         151113         320         -6.800000
116         5775         151433         280         -3.200000
116         6055         151713         400         -1.400000
116         6455         152113         300         -3.100000
116         6755         152413         300         -0.200000
116         7055         152713         250         -7.000000
116         7305         152963         500         -4.600000
116         7805         153463         400         -4.000000
116         8205         153863         200         -2.600000
116         8405         154063         200         -3.100000
116         8605         154263         200         -0.200000
116         8805         154463         300         -2.000000
116         9105         154763         200         0.200000
116         9305         154963         105         -0.800000
20         0         155068         90         -0.800000
20         90         155158         250         1.800000
20         340         155408         250         2.800000
20         590         155658         200         1.000000
20         790         155858         200         -1.000000
20         990         156058         205         0.000000
8         0         156263         125         0.000000
8         125         156388         270         1.500000
8         395         156658         400         0.200000
8         795         157058         300         0.500000
8         1095         157358         250         1.600000
8         1345         157608         210         1.800000
3574         0         157818         270         1.800000
3574         270         158088         45         1.600000
3574         315         158133         500         2.800000
3574         815         158633         300         4.000000
3574         1115         158933         45         -0.300000
3564         0         158978         350         -0.300000
3564         350         159328         250         1.000000
3564         600         159578         350         3.100000
3564         950         159928         75         -1.800000
3552         0         160003         170         -1.800000
3552         170         160173         200         0.600000
3552         370         160373         350         5.500000
3552         720         160723         400         1.800000
3552         1120         161123         65         2.800000
3540         0         161188         230         2.800000
3540         230         161418         500         -0.800000
3540         730         161918         500         -1.000000
3540         1230         162418         80         4.000000
3528         0         162498         165         4.000000
3528         165         162663         250         0.500000
3528         415         162913         340         -1.600000
3528         755         163253         260         11.200000
3528         1015         163513         200         8.900000
3528         1215         163713         35         -1.300000
3514         0         163748         430         -1.300000
3514         430         164178         230         4.700000
3514         660         164408         210         -3.300000
3514         870         164618         200         -0.900000
3514         1070         164818         125         1.800000
3502         0         164943         160         1.800000
3502         160         165103         700         2.400000
3502         860         165803         200         0.600000
3502         1060         166003         165         2.100000
3490         0         166168         130         2.100000
3490         130         166298         350         1.400000
3490         480         166648         450         1.800000
3490         930         167098         265         4.000000
3478         0         167363         30         4.000000
3478         30         167393         200         3.500000
3478         230         167593         300         4.300000
3478         530         167893         200         1.200000
3478         730         168093         200         1.600000
3478         930         168293         265         2.300000
3466         0         168558         330         2.300000
3466         330         168888         550         1.600000
3466         880         169438         315         2.000000
3454         0         169753         30         2.000000
3454         30         169783         200         2.500000
3454         230         169983         300         4.700000
3454         530         170283         450         -0.100000
3454         980         170733         210         3.200000
3442         0         170943         135         3.200000
3442         135         171078         300         2.800000
3442         435         171378         300         3.800000
3442         735         171678         200         4.500000
3442         935         171878         210         9.500000
3430         0         172088         85         9.500000
3430         85         172173         200         6.300000
3430         285         172373         200         0.000000
3430         485         172573         250         -4.100000
3430         735         172823         200         -2.500000
3430         935         173023         220         5.000000
3420         0         173243         25         5.000000
3420         25         173268         200         3.600000
3420         225         173468         200         5.600000
3420         425         173668         400         5.100000
3420         825         174068         300         -4.600000
3420         1125         174368         195         -1.400000
3406         0         174563         20         -1.400000
3406         20         174583         400         -5.500000
3406         420         174983         300         -0.800000
3406         720         175283         250         3.700000
3406         970         175533         250         1.600000
3406         1220         175783         200         2.800000
3406         1420         175983         115         6.400000
3392         0         176098         280         6.400000
3392         280         176378         300         5.700000
3392         580         176678         600         2.400000
3392         1180         177278         70         4.400000
3380         0         177348         125         4.400000
3380         125         177473         200         7.400000
3380         325         177673         450         8.000000
3380         775         178123         330         -1.200000
3368         0         178453         15         -1.200000
3368         15         178468         200         1.700000
3368         215         178668         430         7.300000
3368         645         179098         220         3.300000
3368         865         179318         405         0.000000
3354         0         179723         40         0.000000
3354         40         179763         200         5.200000
3354         240         179963         200         5.900000
3354         440         180163         300         2.300000
3354         740         180463         500         3.500000
3354         1240         180963         20         6.100000
3342         0         180983         225         6.100000
3342         225         181208         250         2.100000
3342         475         181458         400         4.800000
3342         875         181858         370         8.500000
3330         0         182228         25         8.500000
3330         25         182253         210         6.800000
3330         235         182463         340         0.400000
3330         575         182803         300         1.600000
3330         875         183103         250         8.100000
3330         1125         183353         185         4.900000
3316         0         183538         210         4.900000
3316         210         183748         300         4.200000
3316         510         184048         200         9.100000
3316         710         184248         330         4.500000
3316         1040         184578         260         -0.300000
3316         1300         184838         55         6.700000
3302         0         184893         150         6.700000
3302         150         185043         300         10.100000
3302         450         185343         200         12.700000
3302         650         185543         300         11.000000
3302         950         185843         200         12.900000
3302         1150         186043         115         9.900000
3290         0         186158         180         9.900000
3290         180         186338         300         11.100000
3290         480         186638         735         2.500000
3278         0         187373         60         2.500000
3278         60         187433         200         1.900000
3278         260         187633         200         6.800000
3278         460         187833         400         12.400000
3278         860         188233         200         5.500000
3278         1060         188433         200         -1.200000
3278         1260         188633         5         -2.200000
3266         0         188638         295         -2.200000
3266         295         188933         200         0.600000
3266         495         189133         250         9.600000
3266         745         189383         240         9.000000
3266         985         189623         225         3.900000
3254         0         189848         230         3.900000
3254         230         190078         350         1.400000
3254         580         190428         200         3.500000
3254         780         190628         450         5.000000
3254         1230         191078         10         2.100000
3240         0         191088         435         2.100000
3240         435         191523         350         8.800000
3240         785         191873         150         11.200000
3240         935         192023         300         3.900000
3240         1235         192323         110         14.000000
3228         0         192433         85         14.000000
3228         85         192518         250         13.700000
3228         335         192768         350         1.600000
3228         685         193118         650         11.600000
3228         1335         193768         10         13.100000
3214         0         193778         235         13.100000
3214         235         194013         200         3.700000
3214         435         194213         200         0.500000
3214         635         194413         300         -10.800000
3214         935         194713         200         -12.400000
3214         1135         194913         100         -4.200000
3214         1235         195013         70         -10.300000
3200         0         195083         125         -10.300000
3200         125         195208         200         -12.900000
3200         325         195408         200         -11.500000
3200         525         195608         210         -13.500000
3200         735         195818         350         -10.300000
3200         1085         196168         240         -15.200000
3200         1325         196408         25         -6.500000
3186         0         196433         270         -6.500000
3186         270         196703         300         0.300000
3186         570         197003         200         -12.200000
3186         770         197203         250         -14.300000
3186         1020         197453         240         -9.000000
3186         1260         197693         130         -13.500000
3174         0         197823         165         -13.500000
3174         165         197988         460         -5.300000
3174         625         198448         200         -2.100000
3174         825         198648         250         -3.400000
3174         1075         198898         190         -9.200000
3160         0         199088         60         -9.200000
3160         60         199148         250         -11.400000
3160         310         199398         300         -8.800000
3160         610         199698         500         -11.800000
3160         1110         200198         95         -10.700000
3148         0         200293         150         -10.700000
3148         150         200443         300         -11.100000
3148         450         200743         200         -9.700000
3148         650         200943         250         -6.400000
3148         900         201193         295         -2.200000
3136         0         201488         50         -2.200000
3136         50         201538         250         -1.000000
3136         300         201788         480         -2.600000
3136         780         202268         260         2.100000
3136         1040         202528         105         5.300000
3124         0         202633         190         5.300000
3124         190         202823         260         -8.900000
3124         450         203083         100         -9.400000
3124         550         203183         300         -1.400000
3124         850         203483         200         -9.700000
3124         1050         203683         185         -11.400000
3112         0         203868         10         -11.400000
3112         10         203878         300         -10.500000
3112         310         204178         200         -6.100000
3112         510         204378         200         -0.600000
3112         710         204578         250         2.000000
3112         960         204828         250         -11.200000
3112         1210         205078         40         -9.000000
3100         0         205118         155         -9.000000
3100         155         205273         300         0.200000
3100         455         205573         200         -5.200000
3100         655         205773         300         -6.800000
3100         955         206073         205         4.400000
3088         0         206278         90         4.400000
3088         90         206368         300         -0.700000
3088         390         206668         200         -8.100000
3088         590         206868         200         -5.500000
3088         790         207068         200         -2.700000
3088         990         207268         200         -4.800000
3088         1190         207468         60         -4.700000
3076         0         207528         635         -4.700000
3076         635         208163         300         -8.200000
3076         935         208463         290         -9.800000
3064         0         208753         105         -9.800000
3064         105         208858         400         -9.800000
3064         505         209258         400         -7.200000
3064         905         209658         200         -3.900000
3064         1105         209858         125         1.900000
3052         0         209983         70         1.900000
3052         70         210053         500         1.500000
3052         570         210553         200         -8.700000
3052         770         210753         370         -3.700000
3040         0         211123         425         -3.700000
3040         425         211548         200         -4.700000
3040         625         211748         400         -2.700000
3040         1025         212148         210         0.400000
3028         0         212358         135         0.400000
3028         135         212493         350         -5.200000
3028         485         212843         750         -2.000000
3028         1235         213593         5         0.600000
3014         0         213598         295         0.600000
3014         295         213893         200         -0.600000
3014         495         214093         200         2.800000
3014         695         214293         300         0.000000
3014         995         214593         240         2.400000
3002         0         214833         105         2.400000
3002         105         214938         300         1.700000
3002         405         215238         250         -12.000000
3002         655         215488         450         -10.300000
3002         1105         215938         120         -10.000000
2990         0         216058         680         -10.000000
2990         680         216738         500         -10.400000
2990         1180         217238         45         -7.200000
2978         0         217283         155         -7.200000
2978         155         217438         250         -3.500000
2978         405         217688         200         3.500000
2978         605         217888         200         4.300000
2978         805         218088         220         3.200000
2978         1025         218308         205         -3.300000
2966         0         218513         175         -3.300000
2966         175         218688         400         -1.800000
2966         575         219088         250         1.800000
2966         825         219338         200         2.800000
2966         1025         219538         175         -3.900000
2954         0         219713         25         -3.900000
2954         25         219738         300         -6.400000
2954         325         220038         500         -8.600000
2954         825         220538         200         -3.000000
2954         1025         220738         200         -1.000000
2954         1225         220938         50         -6.800000
2942         0         220988         200         -6.800000
2942         200         221188         200         -1.100000
2942         400         221388         450         2.200000
2942         850         221838         200         -0.700000
2942         1050         222038         225         -2.000000
2928         0         222263         70         -2.000000
2928         70         222333         200         0.700000
2928         270         222533         350         -5.100000
2928         620         222883         250         3.900000
2928         870         223133         540         6.100000
2914         0         223673         5         6.100000
2914         5         223678         380         -3.400000
2914         385         224058         220         0.300000
2914         605         224278         420         -2.500000
2914         1025         224698         190         -10.100000
2902         0         224888         55         -10.100000
2902         55         224943         320         -1.800000
2902         375         225263         580         -10.700000
2902         955         225843         190         -1.000000
2890         0         226033         185         -1.000000
2890         185         226218         290         6.900000
2890         475         226508         200         -9.500000
2890         675         226708         200         -3.100000
2890         875         226908         270         6.100000
2890         1145         227178         125         -6.300000
2878         0         227303         260         -6.300000
2878         260         227563         350         -2.200000
2878         610         227913         410         -2.800000
2878         1020         228323         275         1.900000
2864         0         228598         215         1.900000
2864         215         228813         360         -2.600000
2864         575         229173         210         -1.900000
2864         785         229383         410         2.700000
2852         0         229793         65         2.700000
2852         65         229858         250         4.100000
2852         315         230108         500         -1.200000
2852         815         230608         300         -9.500000
2852         1115         230908         145         -6.700000
2840         0         231053         50         -6.700000
2840         50         231103         200         -0.800000
2840         250         231303         350         4.800000
2840         600         231653         250         0.200000
2840         850         231903         400         -6.100000
2840         1250         232303         5         -4.800000
2828         0         232308         240         -4.800000
2828         240         232548         350         -0.800000
2828         590         232898         300         -1.300000
2828         890         233198         300         0.000000
2828         1190         233498         60         4.900000
2814         0         233558         175         4.900000
2814         175         233733         200         1.700000
2814         375         233933         420         -4.000000
2814         795         234353         390         0.800000
2814         1185         234743         60         3.000000
2802         0         234803         185         3.000000
2802         185         234988         200         2.300000
2802         385         235188         300         -5.100000
2802         685         235488         400         -2.900000
2802         1085         235888         160         -5.400000
2790         0         236048         185         -5.400000
2790         185         236233         250         0.700000
2790         435         236483         200         2.000000
2790         635         236683         300         -3.900000
2790         935         236983         200         -2.100000
2790         1135         237183         110         -3.500000
2776         0         237293         135         -3.500000
2776         135         237428         200         -2.200000
2776         335         237628         350         -4.700000
2776         685         237978         570         -0.200000
2764         0         238548         225         -0.200000
2764         225         238773         200         2.000000
2764         425         238973         300         -1.000000
2764         725         239273         300         5.100000
2764         1025         239573         230         -6.300000
2764         1255         239803         15         -1.200000
2752         0         239818         320         -1.200000
2752         320         240138         330         2.400000
2752         650         240468         300         2.100000
2752         950         240768         295         9.700000
2738         0         241063         20         9.700000
2738         20         241083         200         0.500000
2738         220         241283         300         -10.300000
2738         520         241583         220         -2.300000
2738         740         241803         320         4.900000
2738         1060         242123         200         0.800000
2738         1260         242323         95         -4.500000
2726         0         242418         115         -4.500000
2726         115         242533         450         2.500000
2726         565         242983         300         1.000000
2726         865         243283         300         -0.800000
2726         1165         243583         95         0.300000
2712         0         243678         200         0.300000
2712         200         243878         400         0.000000
2712         600         244278         250         0.800000
2712         850         244528         250         0.300000
2712         1100         244778         215         0.900000
2700         0         244993         180         0.900000
2700         180         245173         200         -1.400000
2700         380         245373         200         -2.900000
2700         580         245573         620         -1.600000
2688         0         246193         25         -1.600000
2688         25         246218         300         -1.200000
2688         325         246518         250         -4.000000
2688         575         246768         350         -2.600000
2688         925         247118         205         0.200000
2676         0         247323         40         0.200000
2676         40         247363         200         3.700000
2676         240         247563         700         2.800000
2676         940         248263         250         4.000000
2676         1190         248513         70         2.000000
2664         0         248583         275         2.000000
2664         275         248858         300         0.000000
2664         575         249158         310         0.700000
2664         885         249468         220         -4.600000
2664         1105         249688         110         -2.700000
2652         0         249798         85         -2.700000
2652         85         249883         370         2.800000
2652         455         250253         280         3.600000
2652         735         250533         540         -0.700000
2640         0         251073         425         -0.700000
2640         425         251498         550         3.900000
2640         975         252048         210         2.200000
2628         0         252258         35         2.200000
2628         35         252293         250         -1.400000
2628         285         252543         200         0.000000
2628         485         252743         350         4.300000
2628         835         253093         350         0.600000
2628         1185         253443         70         4.600000
2614         0         253513         175         4.600000
2614         175         253688         285         4.300000
2614         460         253973         615         -2.500000
2614         1075         254588         30         -4.100000
2604         0         254618         195         -4.100000
2604         195         254813         120         1.400000
2604         315         254933         190         1.400000
2604         505         255123         600         0.000000
2604         1105         255723         180         1.000000
2590         0         255903         420         1.000000
2590         420         256323         400         2.100000
2590         820         256723         250         3.000000
2590         1070         256973         70         5.500000
2578         0         257043         330         5.500000
2578         330         257373         250         -1.400000
2578         580         257623         300         -6.200000
2578         880         257923         200         -5.200000
2578         1080         258123         25         -2.700000
2566         0         258148         220         -2.700000
2566         220         258368         200         -3.500000
2566         420         258568         700         -2.200000
2566         1120         259268         125         -1.200000
2554         0         259393         120         -1.200000
2554         120         259513         250         -1.900000
2554         370         259763         250         -1.200000
2554         620         260013         300         0.000000
2554         920         260313         300         0.500000
2554         1220         260613         160         1.900000
2540         0         260773         40         1.900000
2540         40         260813         250         4.000000
2540         290         261063         260         0.000000
2540         550         261323         540         -5.400000
2540         1090         261863         140         0.500000
2528         0         262003         210         0.500000
2528         210         262213         250         3.900000
2528         460         262463         250         0.400000
2528         710         262713         300         -0.500000
2528         1010         263013         220         0.600000
2516         0         263233         230         0.600000
2516         230         263463         30         -0.600000
2516         260         263493         460         0.400000
2516         720         263953         405         0.300000
2516         1125         264358         65         0.000000
2502         0         264423         280         0.000000
2502         280         264703         300         0.900000
2502         580         265003         300         -0.400000
2502         880         265303         200         1.400000
2502         1080         265503         135         0.600000
2492         0         265638         110         0.600000
2492         110         265748         100         5.800000
2492         210         265848         100         5.800000
2492         310         265948         600         2.800000
2492         910         266548         270         2.300000
2474         0         266818         125         2.300000
2474         125         266943         200         -0.200000
2474         325         267143         600         0.700000
2474         925         267743         55         2.200000
2464         0         267798         190         2.200000
2464         190         267988         200         0.400000
2464         390         268188         350         1.400000
2464         740         268538         650         1.600000
