起始公里标    终止公里标    限速值
79793     81633     85
81633     82718     85
82718     82743     80
82743     82806     80
82806     85934     85
85934     86444     80
86444     87023     85
87023     88223     85
88223     88250     85
88250     88286     80
88286     89428     85
89428     89803     85
89803     89833     80
89833     92599     85
92599     93009     73
93009     93348     85
93348     93616     80
93616     94053     85
94053     94453     80
94453     95491     85
95491     95851     73
95851     95858     85
95858     95868     73
95868     99598     80
99598     99848     73
99848     100313     80
100313     101308     80
101308     102363     80
102363     107163     80
107163     108283     80
108283     109458     80
109458     111490     80
111490     111840     73
111840     113423     80
113423     114473     80
114473     115523     80
115523     115624     80
115624     116014     73
116014     116184     80
116184     116784     68
116784     118198     80
118198     119026     80
119026     119293     80
119293     119831     85
119831     120181     80
120181     120523     85
120523     120747     85
120747     121397     78
121397     122768     85
122768     123863     85
123863     125268     85
125268     127893     85
127893     128938     85
128938     129086     85
129086     129546     80
129546     130583     85
130583     132492     85
132492     132882     78
132882     132972     85
132972     133212     75
133212     133552     85
133552     134222     78
134222     134362     85
134362     134742     78
134742     134958     85
134958     136053     85
136053     137413     85
137413     139788     85
139788     141008     85
141008     141270     85
141270     142830     63
142830     143033     85
143033     143744     75
143744     144044     63
144044     144064     75
144064     144128     68
144128     144269     68
144269     145658     75
145658     149496     75
149496     150336     68
150336     155068     75
155068     156263     75
156263     157818     75
157818     158978     75
158978     159420     85
159420     159620     80
159620     160003     85
160003     161188     85
161188     162498     85
162498     163532     85
163532     163601     75
163601     163748     85
163748     164943     85
164943     166168     85
166168     167145     85
167145     167277     80
167277     167363     85
167363     168558     85
168558     169753     85
169753     170943     85
170943     171982     85
171982     172088     80
172088     172794     80
172794     173243     85
173243     173852     85
173852     174482     80
174482     174563     85
174563     174677     85
174677     175167     80
175167     176098     85
176098     177348     85
177348     177495     85
177495     177805     80
177805     178455     85
178455     178457     78
178457     178831     78
178831     179723     85
179723     180983     85
180983     182228     85
182228     183538     85
183538     184480     85
184480     184820     80
184820     184862     85
184862     184893     80
184893     185303     80
185303     186158     85
186158     186402     85
186402     186792     80
186792     187373     85
187373     188638     85
188638     189848     85
189848     191088     85
191088     192433     85
192433     192931     85
192931     193381     78
193381     193778     85
193778     194096     85
194096     194546     70
194546     194866     85
194866     195083     68
195083     195139     68
195139     195691     85
195691     195723     80
195723     196199     85
196199     196433     78
196433     196864     78
196864     197823     85
197823     199088     85
199088     200293     85
200293     201105     85
201105     201355     80
201355     201488     85
201488     202633     85
202633     203868     85
203868     204349     85
204349     204969     78
204969     205118     85
205118     206146     85
206146     206278     70
206278     206351     70
206351     207528     85
207528     208247     85
208247     208507     70
208507     208753     85
208753     209983     85
209983     210534     85
210534     210974     80
210974     210994     85
210994     211123     78
211123     211400     78
211400     211440     85
211440     211690     80
211690     211820     85
211820     212060     70
212060     212358     85
212358     213598     85
213598     213607     85
213607     214087     78
214087     214137     85
214137     214437     80
214437     214467     85
214467     214767     75
214767     214827     85
214827     214833     80
214833     215019     80
215019     215069     85
215069     215509     80
215509     215539     85
215539     215919     73
215919     215949     85
215949     216058     80
216058     216198     80
216198     216248     85
216248     216828     80
216828     216928     85
216928     217158     80
217158     217283     85
217283     217808     85
217808     218268     78
218268     218513     85
218513     219578     85
219578     219713     80
219713     219908     80
219908     220738     85
220738     220988     70
220988     220998     70
220998     222263     85
222263     223673     85
223673     224888     85
224888     225876     85
225876     226033     78
226033     226281     78
226281     226321     85
226321     226891     80
226891     226931     85
226931     227303     78
227303     227307     78
227307     228598     85
228598     229793     85
229793     230720     85
230720     231000     70
231000     231053     85
231053     231514     85
231514     231804     80
231804     232308     85
232308     233558     85
233558     233804     85
233804     234054     80
234054     234803     85
234803     236048     85
236048     237293     85
237293     237651     85
237651     238131     78
238131     238548     85
238548     238886     85
238886     239796     78
239796     239818     85
239818     240162     85
240162     241063     78
241063     241477     78
241477     242418     85
242418     243678     85
243678     244993     85
244993     246193     85
246193     246779     85
246779     246949     80
246949     247323     85
247323     248583     85
248583     249162     85
249162     249462     80
249462     249532     85
249532     249798     80
249798     249857     80
249857     251073     85
251073     252258     85
252258     253513     85
253513     253699     85
253699     253959     78
253959     254618     85
254618     255903     85
255903     257043     85
257043     258148     85
258148     259393     85
259393     259606     85
259606     259936     75
259936     260306     85
260306     260596     80
260596     260773     85
260773     262003     85
262003     263233     85
263233     263496     85
263496     264423     80
264423     264717     85
264717     265027     68
265027     265638     85
265638     265882     80
265882     266042     75
266042     266152     80
266152     266352     75
266352     266742     80
266742     266818     70
266818     267227     80
267227     267517     75
267517     267798     80
267798     269188     80
269188     269188     45
