2450	401	245350	90	800	1
2450	1328	246277	96	516	-1
3472	222	246586	123	582	-1
3458	124	247753	122	900	1
3458	345	247974	201	746	1
3458	627	248256	136	3625	1
3448	47	248746	378	1171	-1
3448	871	249570	600	599	-1
3438	417	250181	548	944	1
3438	1062	250826	768	424	-1
3426	786	251610	726	543	1
3416	829	252723	335	528	1
3406	825	253804	224	667	-1
3392	890	255199	55	3597	1
3392	996	255305	41	3957	-1
3380	1037	256536	170	2113	1
3368	109	256808	270	770	1
3368	774	257473	193	1206	1
3368	1068	257767	174	2826	1
3356	657	258601	338	1221	1
3344	145	259269	197	1186	1
3344	355	259479	180	1210	-1
3344	649	259773	202	1502	-1
3344	987	260111	180	2112	-1
3332	133	260427	165	919	-1
3332	329	260623	303	457	1
3332	651	260945	794	448	-1
3320	459	261923	173	887	-1
3320	754	262218	220	606	-1
3320	993	262457	296	416	1
3308	191	262835	169	469	1
3308	1037	263681	115	2105	-1
3308	1168	263812	66	1106	1
3296	322	264156	305	1006	1
3296	1207	265041	187	2793	1
3284	106	265255	205	3167	-1
3284	455	265604	178	2678	-1
3284	647	265796	219	2991	1
3248	228	268877	87	6250	1
3248	559	269208	844	1163	1
3236	492	270326	275	649	-1
3236	908	270742	417	438	1
3224	122	271171	238	620	-1
3224	373	271422	340	419	1
3224	985	272034	179	707	1
3212	68	272312	265	657	-1
3212	970	273214	74	3717	-1
3200	51	273440	151	613	-1
3200	270	273659	212	737	1
3200	524	273913	266	400	-1
3200	822	274211	199	1173	1
3200	1074	274463	184	414	-1
3188	436	275005	554	655	1
3172	306	276350	1360	450	-1
3162	843	277902	284	1726	1
3150	162	278486	203	514	1
3150	401	278725	297	667	1
3150	766	279090	486	715	-1
3138	61	279610	348	645	1
3138	434	279983	158	660	-1
3138	652	280201	459	633	1
3126	291	281015	339	594	1
3114	488	282392	276	504	-1
3102	108	283187	574	636	1
3090	303	284562	321	629	-1
3078	37	285471	270	920	-1
3078	308	285742	226	827	-1
3078	695	286129	324	1104	-1
3066	154	286773	284	688	-1
3066	812	287431	576	670	1
3054	327	288131	333	690	1
3054	802	288606	412	671	-1
3044	511	289445	155	890	-1
3018	93	291437	352	676	1
3018	1338	292682	111	2365	-1
3018	1478	292822	101	2095	1
3004	165	293024	305	602	-1
2992	170	294209	228	706	1
2992	520	294559	695	400	-1
2980	450	295674	554	550	-1
2970	195	296514	672	660	1
2970	867	297186	535	1337	1
2958	328	297732	189	725	1
2958	600	298004	224	580	-1
2946	242	298781	285	877	1
2946	1008	299547	552	473	-1
2936	657	300331	604	644	1
2924	330	301179	30	3902	1
2924	632	301481	359	639	1
2924	1149	301998	73	4785	1
2912	479	302863	223	548	-1
2912	898	303282	241	462	-1
2898	824	304253	381	525	1
2886	582	305161	419	626	-1
2874	464	306188	186	2285	-1
2874	1104	306828	233	723	-1
2864	262	307131	188	966	1
2864	468	307337	96	1172	-1
2852	184	308148	164	2230	1
2852	371	308335	200	1847	-1
2852	626	308590	220	3915	1
2852	1018	308982	347	1148	-1
2842	236	309425	436	632	-1
2842	808	309997	375	722	1
2830	69	310388	533	1063	-1
2830	602	310921	500	1020	-1
2830	1102	311421	172	1111	-1
2818	412	311851	457	490	1
2808	31	312595	413	613	1
2808	505	313069	286	639	-1
2796	77	313811	254	1183	1
2796	669	314403	104	2705	-1
2796	790	314524	103	2270	1
2796	1075	314809	378	465	-1
2784	330	315204	406	537	1
2784	1151	316025	226	403	1
2772	245	316279	358	463	-1
2772	728	316762	175	493	1
2772	946	316980	384	449	1
2762	277	317446	224	476	-1
2762	501	317670	342	442	-1
2762	860	318029	349	442	1
2762	1209	318378	170	463	1
2748	48	318622	576	464	-1
2748	644	319218	672	454	1
2736	211	319885	164	471	1
2736	407	320081	247	463	-1
2736	655	320329	464	454	-1
2736	1119	320793	290	476	-1
2724	277	321151	158	1582	1
2724	723	321597	530	465	1
2712	337	322391	270	641	1
2712	1053	323107	137	1245	1
2700	1	323250	144	882	-1
2700	367	323616	400	714	1
2700	1138	324387	177	409	1
2688	268	324692	412	329	1
2688	680	325104	299	510	1
2688	730	325154	232	662	1
2680	320	325874	540	397	-1
2680	1149	326703	556	401	-1
2668	698	327422	318	765	-1
2656	230	328139	230	387	-1
2656	597	328506	354	399	1
2656	1029	328938	142	1176	-1
2644	55	329099	235	420	1
2644	310	329354	318	403	-1
2644	660	329704	291	561	1
2634	518	330687	214	546	1
2634	839	331008	419	398	1
2622	344	331638	451	403	-1
2610	844	333263	338	1108	1
2600	107	333691	299	447	1
2584	285	335414	341	579	1
2584	1115	336244	972	398	-1
2572	1064	337353	742	595	1
2514	340	341394	912	457	-1
2512	261	342525	434	490	1
2512	716	342980	435	504	-1
2488	78	343547	553	398	1
2488	654	344123	559	398	-1
2472	530	345284	780	600	1
2462	208	346262	411	412	-1
2462	800	346854	737	401	1
2450	499	347818	1063	400	1
2438	681	349210	642	427	-1
2426	195	349984	360	563	1
2426	788	350577	515	400	-1
2414	408	351457	378	576	1
2414	1021	352070	528	399	-1
2400	309	352603	318	640	1
2400	672	352966	438	396	-1
2400	1184	353478	493	403	1
2388	1048	354592	266	459	-1
2362	441	356515	290	461	1
2362	758	356832	405	456	-1
2350	112	357531	418	511	1
2350	1014	358433	218	2293	-1
2336	283	359052	448	493	1
2336	936	359705	359	582	-1
2322	1016	361085	215	626	-1
2310	592	361961	304	2124	1
2282	770	364839	610	604	1
2270	721	366130	521	613	1
2242	713	368807	116	3437	1
2242	911	369005	123	4120	-1
2242	1140	369234	416	409	-1
2230	811	370125	346	603	1
2218	224	370758	646	599	-1
2206	979	372743	270	1037	-1
2194	305	373299	248	2048	1
2182	249	374473	393	623	1
2168	531	375995	124	2018	1
2168	722	376186	110	1942	-1
2168	1220	376684	575	613	-1
2118	322	380916	317	646	-1
2118	1105	381699	347	444	1
2104	382	382306	211	664	1
2104	1135	383059	176	562	-1
2090	1264	384568	295	620	1
2078	509	385088	333	710	1
2064	546	386395	408	644	-1
2052	178	387297	303	645	-1
2052	757	387876	273	644	-1
2052	1088	388207	379	597	1
2040	441	388780	361	557	-1
2040	880	389219	197	811	1
2040	1189	389528	265	656	-1
2026	207	389856	443	653	1
2014	399	391353	378	606	-1
2002	506	392680	290	624	1
2002	951	393125	313	607	1
1990	828	394262	216	700	-1
1976	499	395183	280	627	-1
1976	960	395644	417	641	1
1940	887	399316	270	1860	1
1940	1241	399670	295	600	1
1926	1176	400855	325	1027	-1
1914	417	401346	774	521	-1
1900	48	402277	89	1400	-1
1900	430	402659	98	3423	-1
1888	256	403765	264	668	-1
1888	1118	404627	348	633	1
1874	576	405530	599	633	1
1860	660	406904	383	633	-1
1848	596	408130	186	638	-1
1848	985	408519	343	626	1
1836	320	409144	287	513	-1
1836	632	409456	175	370	1
1836	837	409661	159	370	1
1836	1026	409850	207	392	1
1836	1260	410084	409	747	-1
1822	506	410650	168	625	1
1822	1157	411301	29	6000	1
1808	369	411853	247	417	1
1808	675	412159	476	521	-1
1796	55	412859	326	617	1
1796	1084	413888	128	794	1
1780	184	414498	552	641	-1
1768	13	415602	176	1219	-1
1742	79	418238	192	909	-1
1742	983	419142	702	655	1
1716	86	420825	290	1390	1
1690	1166	424485	264	641	-1
1678	257	424836	906	641	-1
1678	1236	425815	267	549	1
1664	323	426182	353	641	-1
1664	800	426659	310	556	1
1664	1178	427037	783	500	1
1652	843	427927	397	450	1
1652	1274	428358	729	515	-1
1638	1126	429560	266	625	-1
1626	177	429851	618	641	1
1614	794	431703	418	625	-1
1602	461	432635	96	1672	1
1602	576	432750	107	1667	-1
1602	1204	433378	103	1786	-1
1602	1343	433517	90	1786	1
1588	269	433938	336	403	-1
1574	106	434975	468	550	-1
1574	607	435476	227	475	1
1574	982	435851	145	930	1
1574	1146	436015	144	600	-1
1560	123	436217	231	734	1
1560	641	436735	217	694	1
1548	189	437513	456	1087	-1
1510	574	441773	441	610	1
1510	1215	442414	317	595	-1
1496	1223	443697	143	3571	1
1484	127	443881	142	3571	-1
1484	555	444309	380	2300	1
1446	381	448005	237	1041	1
1432	95	448994	339	1026	1
1420	320	450479	408	980	1
1420	1100	451259	344	1111	1
1408	231	451685	339	1064	-1
1408	823	452277	441	806	1
1408	1293	452747	78	2400	1
1394	66	452850	75	1600	-1
1394	544	453328	312	980	1
1380	368	454527	187	6250	-1
1380	597	454756	123	4545	1
1380	1102	455261	528	4670	-1
1366	861	456410	316	800	-1
1366	1216	456765	116	6693	-1
1354	936	457845	353	1200	1
1340	69	458328	516	1200	-1
1326	1061	460675	235	600	-1
1312	248	461217	369	830	-1
1298	259	462563	157	2650	-1
1284	890	464594	406	1220	1
1272	649	465693	771	2000	1
1258	209	466598	179	1250	-1
1258	1015	467404	31	7043	1
1232	1245	470219	132	2127	-1
1220	568	470782	258	2200	1
1206	460	471919	260	709	1
1206	934	472393	205	1227	1
1182	39	473978	923	585	1
1182	991	474930	904	497	-1
1156	953	477372	447	508	1
1144	373	477992	666	994	-1
1144	1200	478819	505	500	1
1132	632	479451	466	598	-1
1120	56	480075	586	520	1
1120	703	480722	472	533	-1
1096	84	482593	1076	536	-1
1082	428	484237	159	800	-1
1082	1074	484883	985	401	1
1070	839	485908	523	405	-1
1056	34	486473	521	800	1
1056	717	487156	446	800	-1
1044	185	487834	554	597	1
1030	21	489015	730	602	-1
1030	885	489879	438	604	1
1018	22	490356	257	605	-1
1018	483	490817	200	740	1
1004	92	491691	253	625	-1
1004	692	492291	504	592	1
1004	1234	492833	208	605	-1
990	312	493286	214	810	-1
990	1308	494282	218	628	-1
976	549	494923	116	4100	-1
976	759	495133	145	4300	1
976	1245	495619	493	1205	1
964	811	496515	396	2245	-1
950	197	497256	193	660	-1
950	1176	498235	371	1055	-1
936	550	498954	462	1054	1
924	18	499767	219	1950	-1
924	868	500617	396	630	1
924	1338	501087	285	612	-1
896	832	503271	683	598	-1
868	431	505595	353	1290	1
868	1126	506290	1637	626	1
848	808	508122	959	641	-1
836	975	509384	260	1060	1
826	361	509865	335	670	-1
826	838	510342	257	654	1
814	224	510828	372	1025	-1
814	783	511387	423	617	-1
802	157	511886	464	800	1
802	908	512637	293	615	1
792	385	513204	867	807	-1
778	168	514317	34	3000	-1
778	232	514381	70	5000	1
778	406	514555	264	640	-1
778	947	515096	783	599	1
758	164	516483	512	604	-1
758	861	517180	368	3060	-1
746	363	517847	579	752	1
746	1187	518671	257	620	1
734	265	518959	601	598	-1
734	915	519609	179	530	1
734	1180	519874	250	423	-1
720	243	520142	322	629	1
720	667	520566	298	408	1
720	989	520888	436	451	-1
710	279	521343	231	435	1
710	690	521754	279	696	-1
710	993	522057	818	598	1
698	833	522967	451	612	-1
686	364	523688	283	574	1
686	770	524094	364	609	-1
674	621	525130	68	2000	-1
674	717	525226	70	2150	1
674	878	525387	175	820	-1
662	488	526217	503	808	-1
662	1088	526817	313	1600	1
650	594	527463	590	802	-1
640	344	528383	659	792	1
628	292	529501	86	3220	-1
628	451	529660	91	3900	1
614	8	530597	146	1810	-1
614	967	531556	131	2386	1
602	679	532353	211	1276	-1
568	170	535224	140	1605	1
558	650	536759	270	2070	-1
548	561	537700	430	2220	-1
538	561	538735	576	1070	1
504	1120	542564	524	600	-1
484	527	544116	217	1160	-1
472	224	544858	308	600	1
440	610	548359	489	800	1
420	41	549900	129	780	-1
420	349	550208	159	880	-1
420	1105	550964	230	620	-1
396	381	552630	273	1200	-1
396	772	553021	96	1660	-1
396	894	553143	120	2210	1
352	186	556870	414	930	-1
352	710	557394	311	770	1
328	14	558968	437	1050	1
318	887	560946	172	1000	-1
306	328	561502	181	1630	1
306	755	561929	99	2411	-1
306	922	562096	89	2005	1
306	1046	562220	248	1957	1
296	368	562632	403	1189	-1
296	888	563152	309	1795	1
274	97	564606	162	2430	1
274	689	565198	401	1430	1
262	667	566381	453	880	-1
250	1009	567813	877	1150	1
240	1149	569053	291	2712	-1
216	70	570194	511	1190	-1
216	835	570959	327	680	1
192	408	573027	207	10000	-1
192	745	573364	200	10000	1
178	387	574366	481	1230	1
164	1091	576400	45	3880	-1
164	1534	576843	32	460	-1
164	2147	577456	75	4255	1
76	4	577688	92	4310	-1
76	332	578016	70	12500	1
76	493	578177	25	12500	-1
64	6	579100	44	4830	-1
64	104	579198	41	5170	1
52	15	580174	238	2040	1
52	296	580455	418	830	-1
40	391	581590	363	900	1
30	275	582624	148	2970	-1
30	497	582846	197	3365	1
12	1179	584643	102	1870	-1
12	1319	584783	104	1940	1
4	891	585780	334	860	1
110	473	586277	223	2150	-1
90	64	588008	350	404	-1
90	755	588699	223	400	-1
