2450	0	244949	100	1.600000
2450	100	245049	35	1.500000
2450	135	245084	400	-1.400000
2450	535	245484	750	-0.400000
2450	1285	246234	130	-4.400000
3472	0	246364	165	-4.400000
3472	165	246529	400	-1.400000
3472	565	246929	300	1.000000
3472	865	247229	400	3.100000
3458	0	247629	120	3.100000
3458	120	247749	345	2.600000
3458	465	248094	580	-0.400000
3458	1045	248674	25	-5.200000
3448	0	248699	275	-5.200000
3448	275	248974	250	-0.900000
3448	525	249224	320	0.700000
3448	845	249544	220	3.300000
3438	0	249764	210	3.300000
3438	210	249974	380	0.000000
3438	590	250354	270	-0.400000
3438	860	250624	200	2.700000
3426	0	250824	105	2.700000
3426	105	250929	200	7.900000
3426	305	251129	200	2.900000
3426	505	251329	240	-0.600000
3426	745	251569	300	1.400000
3426	1045	251869	25	11.200000
3416	0	251894	320	11.200000
3416	320	252214	300	5.100000
3416	620	252514	400	0.000000
3416	1020	252914	65	3.000000
3406	0	252979	130	3.000000
3406	130	253109	550	1.600000
3406	680	253659	650	-2.300000
3392	0	254309	345	-2.300000
3392	345	254654	200	3.200000
3392	545	254854	645	5.200000
3380	0	255499	5	5.200000
3380	5	255504	300	6.700000
3380	305	255804	450	6.400000
3380	755	256254	270	-0.300000
3380	1025	256524	175	-4.700000
3368	0	256699	30	-4.700000
3368	30	256729	570	-8.100000
3368	600	257299	450	-7.700000
3368	1050	257749	195	-3.400000
3356	0	257944	55	-3.400000
3356	55	257999	300	0.500000
3356	355	258299	700	2.900000
3356	1055	258999	125	1.600000
3344	0	259124	170	1.600000
3344	170	259294	200	3.800000
3344	370	259494	250	1.300000
3344	620	259744	250	2.100000
3344	870	259994	300	-1.500000
3332	0	260294	325	-1.500000
3332	325	260619	230	-4.400000
3332	555	260849	340	2.600000
3332	895	261189	200	0.600000
3332	1095	261389	75	-0.500000
3320	0	261464	220	-0.500000
3320	220	261684	300	0.500000
3320	520	261984	500	2.000000
3320	1020	262484	160	0.000000
3308	0	262644	35	0.000000
3308	35	262679	200	2.900000
3308	235	262879	500	0.500000
3308	735	263379	455	0.000000
3296	0	263834	140	0.000000
3296	140	263974	300	1.400000
3296	440	264274	875	2.500000
3284	0	265149	25	2.500000
3284	25	265174	210	5.500000
3284	235	265384	280	0.300000
3284	515	265664	260	-2.200000
3284	775	265924	395	0.900000
3272	0	266319	50	0.900000
3272	50	266369	985	0.600000
3260	0	267354	410	0.600000
3260	410	267764	400	1.800000
3260	810	268164	485	2.300000
3248	0	268649	510	2.300000
3248	510	269159	300	6.300000
3248	810	269459	200	1.400000
3248	1010	269659	175	-2.300000
3236	0	269834	140	-2.300000
3236	140	269974	330	2.000000
3236	470	270304	400	0.000000
3236	870	270704	345	1.600000
3224	0	271049	20	1.600000
3224	20	271069	250	8.800000
3224	270	271319	350	0.000000
3224	620	271669	200	-1.300000
3224	820	271869	300	-3.600000
3224	1120	272169	75	-0.600000
3212	0	272244	170	-0.600000
3212	170	272414	250	-0.900000
3212	420	272664	600	0.900000
3212	1020	273264	125	-0.200000
3200	0	273389	380	-0.200000
3200	380	273769	425	3.300000
3200	805	274194	200	-2.000000
3200	1005	274394	60	0.600000
3200	1065	274454	115	0.600000
3188	0	274569	555	0.600000
3188	555	275124	400	-0.200000
3188	955	275524	450	0.400000
3188	1405	275974	70	0.000000
3172	0	276044	225	0.000000
3172	225	276269	350	0.500000
3172	575	276619	250	3.100000
3172	825	276869	190	4.300000
3162	0	277059	5	4.300000
3162	5	277064	300	3.800000
3162	305	277364	490	0.800000
3162	795	277854	210	3.200000
3162	1005	278064	260	6.200000
3150	0	278324	115	6.200000
3150	115	278439	450	3.700000
3150	565	278889	270	7.700000
3150	835	279159	210	-3.000000
3150	1045	279369	180	-0.300000
3138	0	279549	105	-0.300000
3138	105	279654	200	2.700000
3138	305	279854	210	10.100000
3138	515	280064	330	3.400000
3138	845	280394	320	4.700000
3138	1165	280714	10	-4.200000
3126	0	280724	245	-4.200000
3126	245	280969	250	-8.500000
3126	495	281219	210	-1.800000
3126	705	281429	380	3.300000
3126	1085	281809	95	2.600000
3114	0	281904	295	2.600000
3114	295	282199	880	3.000000
3102	0	283079	65	3.000000
3102	65	283144	400	1.300000
3102	465	283544	500	-1.100000
3102	965	284044	215	1.100000
3090	0	284259	180	1.100000
3090	180	284439	200	3.500000
3090	380	284639	200	6.500000
3090	580	284839	330	4.000000
3090	910	285169	265	1.300000
3078	0	285434	15	1.300000
3078	15	285449	300	4.100000
3078	315	285749	460	3.700000
3078	775	286209	410	5.300000
3066	0	286619	25	5.300000
3066	25	286644	280	6.800000
3066	305	286924	320	4.100000
3066	625	287244	450	7.000000
3066	1075	287694	110	2.300000
3054	0	287804	220	2.300000
3054	220	288024	250	-1.100000
3054	470	288274	430	7.100000
3054	900	288704	230	1.700000
3044	0	288934	175	1.700000
3044	175	289109	410	3.900000
3044	585	289519	650	0.400000
3030	0	290169	665	0.400000
3030	665	290834	510	1.200000
3018	0	291344	75	1.200000
3018	75	291419	200	-4.100000
3018	275	291619	220	-5.500000
3018	495	291839	390	-0.200000
3018	885	292229	630	0.600000
3004	0	292859	145	0.600000
3004	145	293004	220	3.600000
3004	365	293224	200	2.500000
3004	565	293424	615	3.300000
2992	0	294039	180	3.300000
2992	180	294219	400	2.400000
2992	580	294619	500	4.200000
2992	1080	295119	105	1.300000
2980	0	295224	420	1.300000
2980	420	295644	270	4.800000
2980	690	295914	405	1.800000
2970	0	296319	310	1.800000
2970	310	296629	300	6.000000
2970	610	296929	380	0.500000
2970	990	297309	95	0.000000
2958	0	297404	200	0.000000
2958	200	297604	300	2.700000
2958	500	297904	600	2.200000
2958	1100	298504	35	3.700000
2946	0	298539	430	3.700000
2946	430	298969	530	7.100000
2946	960	299499	175	5.100000
2936	0	299674	185	5.100000
2936	185	299859	340	-5.800000
2936	525	300199	400	-1.000000
2936	925	300599	240	6.400000
2936	1165	300839	10	2.600000
2924	0	300849	345	2.600000
2924	345	301194	400	0.300000
2924	745	301594	200	2.000000
2924	945	301794	300	0.000000
2924	1245	302094	290	2.100000
2912	0	302384	5	2.100000
2912	5	302389	300	4.300000
2912	305	302689	250	6.300000
2912	555	302939	300	3.800000
2912	855	303239	190	-1.300000
2898	0	303429	85	-1.300000
2898	85	303514	370	0.300000
2898	455	303884	250	2.800000
2898	705	304134	445	6.900000
2886	0	304579	30	6.900000
2886	30	304609	320	5.700000
2886	350	304929	440	8.100000
2886	790	305369	290	-2.100000
2886	1080	305659	65	0.800000
2874	0	305724	150	0.800000
2874	150	305874	290	3.400000
2874	440	306164	300	3.600000
2874	740	306464	405	1.200000
2864	0	306869	190	1.200000
2864	190	307059	210	4.000000
2864	400	307269	300	2.300000
2864	700	307569	395	5.600000
2852	0	307964	5	5.600000
2852	5	307969	5	6.000000
2852	10	307974	155	6.000000
2852	165	308129	295	6.000000
2852	460	308424	500	4.800000
2852	960	308924	265	3.100000
2842	0	309189	360	3.100000
2842	360	309549	270	6.700000
2842	630	309819	200	5.600000
2842	830	310019	200	8.600000
2842	1030	310219	100	4.200000
2830	0	310319	95	4.200000
2830	95	310414	290	6.200000
2830	385	310704	260	3.800000
2830	645	310964	330	9.100000
2830	975	311294	145	0.400000
2818	0	311439	50	0.400000
2818	50	311489	320	6.200000
2818	370	311809	280	8.300000
2818	650	312089	230	4.900000
2818	880	312319	245	5.600000
2808	0	312564	30	5.600000
2808	30	312594	200	5.700000
2808	230	312794	240	5.000000
2808	470	313034	200	-0.800000
2808	670	313234	220	3.900000
2808	890	313454	280	6.200000
2796	0	313734	215	6.200000
2796	215	313949	400	1.800000
2796	615	314349	380	3.700000
2796	995	314729	70	7.700000
2796	1065	314799	75	7.700000
2784	0	314874	105	7.700000
2784	105	314979	450	3.500000
2784	555	315429	250	0.300000
2784	805	315679	250	4.500000
2784	1055	315929	105	10.100000
2772	0	316034	120	10.100000
2772	120	316154	200	2.300000
2772	320	316354	200	10.700000
2772	520	316554	210	2.000000
2772	730	316764	200	4.400000
2772	930	316964	205	8.500000
2762	0	317169	10	8.500000
2762	10	317179	200	4.300000
2762	210	317379	220	6.800000
2762	430	317599	350	0.400000
2762	780	317949	350	10.200000
2762	1130	318299	275	1.800000
2748	0	318574	20	1.800000
2748	20	318594	200	5.000000
2748	220	318794	240	4.700000
2748	460	319034	210	5.300000
2748	670	319244	200	2.300000
2748	870	319444	230	5.300000
2736	0	319674	95	5.300000
2736	95	319769	480	4.700000
2736	575	320249	220	7.900000
2736	795	320469	200	3.100000
2736	995	320669	205	0.900000
2724	0	320874	40	0.900000
2724	40	320914	200	6.000000
2724	240	321114	300	6.800000
2724	540	321414	640	5.000000
2712	0	322054	105	5.000000
2712	105	322159	300	6.000000
2712	405	322459	200	7.700000
2712	605	322659	500	4.700000
2712	1105	323159	90	6.400000
2700	0	323249	175	6.400000
2700	175	323424	300	3.400000
2700	475	323724	480	0.700000
2700	955	324204	220	-0.800000
2688	0	324424	30	-0.800000
2688	30	324454	200	1.000000
2688	230	324654	300	3.900000
2688	530	324954	200	10.000000
2688	730	325154	290	10.000000
2688	1020	325444	30	10.000000
2688	1050	325474	80	6.300000
2680	0	325554	30	6.300000
2680	30	325584	200	9.400000
2680	230	325784	300	6.700000
2680	530	326084	200	9.400000
2680	730	326284	250	10.800000
2680	980	326534	190	6.500000
2668	0	326724	85	6.500000
2668	85	326809	320	10.500000
2668	405	327129	300	8.700000
2668	705	327429	200	7.500000
2668	905	327629	200	9.500000
2668	1105	327829	80	8.400000
2656	0	327909	220	8.400000
2656	220	328129	200	10.300000
2656	420	328329	280	9.800000
2656	700	328609	200	7.100000
2656	900	328809	210	9.100000
2656	1110	329019	25	12.900000
2644	0	329044	185	12.900000
2644	185	329229	200	8.000000
2644	385	329429	220	9.100000
2644	605	329649	200	6.100000
2644	805	329849	250	7.700000
2644	1055	330099	70	4.500000
2634	0	330169	500	4.500000
2634	500	330669	260	8.200000
2634	760	330929	200	7.100000
2634	960	331129	165	10.600000
2622	0	331294	115	10.600000
2622	115	331409	220	7.600000
2622	335	331629	200	9.100000
2622	535	331829	300	6.600000
2622	835	332129	290	9.500000
2610	0	332419	5	9.500000
2610	5	332424	400	10.600000
2610	405	332824	370	11.000000
2610	775	333194	200	8.700000
2610	975	333394	190	5.000000
2600	0	333584	85	5.000000
2600	85	333669	450	3.600000
2600	535	334119	650	5.000000
2600	1185	334769	360	3.300000
2584	0	335129	185	3.300000
2584	185	335314	200	2.600000
2584	385	335514	50	2.600000
2584	435	335564	505	7.500000
2584	940	336069	220	8.300000
2572	0	336289	125	8.300000
2572	125	336414	250	10.400000
2572	375	336664	200	6.800000
2572	575	336864	250	8.200000
2572	825	337114	250	10.400000
2572	1075	337364	95	7.600000
2550	0	337459	200	7.600000
2550	200	337659	250	7.900000
2550	450	337909	280	2.100000
2550	730	338189	220	-4.000000
2550	950	338409	250	-8.000000
2538	0	338659	1190	-8.000000
2526	0	339849	1205	-8.000000
2514	0	341054	100	-8.000000
2514	100	341154	200	-6.500000
2514	300	341354	650	-7.000000
2514	950	342004	260	-2.300000
2512	0	342264	405	-2.300000
2512	405	342669	280	-8.200000
2512	685	342949	350	-5.300000
2512	1035	343299	170	-10.700000
2488	0	343469	175	-10.700000
2488	175	343644	490	-8.600000
2488	665	344134	210	-5.800000
2488	875	344344	200	-9.300000
2488	1075	344544	200	-11.600000
2488	1275	344744	10	-9.000000
2472	0	344754	295	-9.000000
2472	295	345049	300	-5.500000
2472	595	345349	300	-3.400000
2472	895	345649	200	-4.000000
2472	1095	345849	205	-2.000000
2462	0	346054	35	-2.000000
2462	35	346089	210	-6.400000
2462	245	346299	200	-7.800000
2462	445	346499	250	-12.000000
2462	695	346749	300	-11.300000
2462	995	347049	200	-9.000000
2462	1195	347249	70	-12.000000
2450	0	347319	130	-12.000000
2450	130	347449	220	-9.400000
2450	350	347669	230	-8.300000
2450	580	347899	450	-9.700000
2450	1030	348349	180	-10.000000
2438	0	348529	170	-10.000000
2438	170	348699	450	-8.000000
2438	620	349149	300	-8.800000
2438	920	349449	200	-9.600000
2438	1120	349649	140	-11.000000
2426	0	349789	160	-11.000000
2426	160	349949	700	-8.100000
2426	860	350649	300	-8.600000
2426	1160	350949	100	-10.200000
2414	0	351049	95	-10.200000
2414	95	351144	280	-8.600000
2414	375	351424	220	-4.300000
2414	595	351644	200	-6.500000
2414	795	351844	300	-5.100000
2414	1095	352144	150	-7.800000
2400	0	352294	250	-7.800000
2400	250	352544	600	-9.200000
2400	850	353144	300	-10.500000
2400	1150	353444	100	-6.300000
2388	0	353544	210	-6.300000
2388	210	353754	690	-10.000000
2388	900	354444	270	-8.600000
2388	1170	354714	85	-5.400000
2376	0	354799	90	-5.400000
2376	90	354889	400	-3.300000
2376	490	355289	500	-2.600000
2376	990	355789	200	-3.800000
2376	1190	355989	85	-10.000000
2362	0	356074	115	-10.000000
2362	115	356189	800	-10.900000
2362	915	356989	430	-11.400000
2350	0	357419	220	-11.400000
2350	220	357639	450	-8.400000
2350	670	358089	300	-10.200000
2350	970	358389	380	-12.300000
2336	0	358769	20	-12.300000
2336	20	358789	300	-8.300000
2336	320	359089	300	-8.500000
2336	620	359389	250	-7.000000
2336	870	359639	350	-1.800000
2336	1220	359989	80	-3.300000
2322	0	360069	320	-3.300000
2322	320	360389	700	-5.100000
2322	1020	361089	250	-6.200000
2322	1270	361339	30	-0.300000
2310	0	361369	270	-0.300000
2310	270	361639	250	-8.900000
2310	520	361889	400	-10.500000
2310	920	362289	400	-9.400000
2310	1320	362689	30	-5.000000
2296	0	362719	270	-5.000000
2296	270	362989	400	-0.800000
2296	670	363389	300	-7.700000
2296	970	363689	300	-7.300000
2296	1270	363989	80	-8.600000
2282	0	364069	420	-8.600000
2282	420	364489	200	-9.600000
2282	620	364689	720	-4.500000
2270	0	365409	280	-4.500000
2270	280	365689	400	-2.700000
2270	680	366089	400	-2.900000
2270	1080	366489	135	0.300000
2254	0	366624	210	0.300000
2254	210	366834	370	4.900000
2254	580	367204	780	-0.100000
2254	1360	367984	110	-2.400000
2242	0	368094	190	-2.400000
2242	190	368284	450	-6.600000
2242	640	368734	350	-2.500000
2242	990	369084	230	-0.100000
2230	0	369314	170	-0.100000
2230	170	369484	250	-5.900000
2230	420	369734	250	-4.600000
2230	670	369984	400	-3.000000
2230	1070	370384	150	-0.700000
2218	0	370534	150	-0.700000
2218	150	370684	300	0.200000
2218	450	370984	300	2.900000
2218	750	371284	480	-4.800000
2206	0	371764	320	-4.800000
2206	320	372084	200	-2.100000
2206	520	372284	400	-5.200000
2206	920	372684	300	-2.900000
2206	1220	372984	10	-3.800000
2194	0	372994	290	-3.800000
2194	290	373284	300	-2.500000
2194	590	373584	350	-1.700000
2194	940	373934	290	-0.800000
2182	0	374224	60	-0.800000
2182	60	374284	350	1.000000
2182	410	374634	260	0.000000
2182	670	374894	105	0.000000
2182	775	374999	465	-1.700000
2168	0	375464	30	-1.700000
2168	30	375494	250	-1.200000
2168	280	375744	250	1.200000
2168	530	375994	400	3.100000
2168	930	376394	320	-4.100000
2156	0	376714	80	-4.100000
2156	80	376794	400	-0.600000
2156	480	377194	600	-3.400000
2156	1080	377794	170	-7.600000
2144	0	377964	80	-7.600000
2144	80	378044	300	-10.100000
2144	380	378344	250	-6.800000
2144	630	378594	450	-0.800000
2144	1080	379044	215	-1.900000
2130	0	379259	35	-1.900000
2130	35	379294	250	-2.200000
2130	285	379544	250	-4.000000
2130	535	379794	250	-3.600000
2130	785	380044	250	-4.500000
2130	1035	380294	250	-3.000000
2130	1285	380544	50	1.300000
2118	0	380594	250	1.300000
2118	250	380844	200	3.200000
2118	450	381044	650	-4.200000
2118	1100	381694	200	-6.500000
2118	1300	381894	30	-2.700000
2104	0	381924	170	-2.700000
2104	170	382094	100	-1.500000
2104	270	382194	300	0.700000
2104	570	382494	250	0.000000
2104	820	382744	390	-1.500000
2104	1210	383134	170	-4.500000
2090	0	383304	85	-4.500000
2090	85	383389	250	-4.100000
2090	335	383639	300	-3.300000
2090	635	383939	300	-4.600000
2090	935	384239	340	-4.000000
2078	0	384579	60	-4.000000
2078	60	384639	600	-3.200000
2078	660	385239	400	0.000000
2078	1060	385639	210	-1.000000
2064	0	385849	40	-1.000000
2064	40	385889	350	-6.000000
2064	390	386239	200	-8.000000
2064	590	386439	300	-6.400000
2064	890	386739	300	-4.100000
2064	1190	387039	80	-2.200000
2052	0	387119	150	-2.200000
2052	150	387269	270	1.200000
2052	420	387539	230	0.000000
2052	650	387769	400	-5.400000
2052	1050	388169	170	-1.300000
2040	0	388339	200	-1.300000
2040	200	388539	400	-3.000000
2040	600	388939	500	-2.100000
2040	1100	389439	200	-1.100000
2040	1300	389639	10	-2.400000
2026	0	389649	245	-2.400000
2026	245	389894	300	-1.400000
2026	545	390194	500	-2.500000
2026	1045	390694	200	-1.200000
2026	1245	390894	60	-2.100000
2014	0	390954	330	-2.100000
2014	330	391284	430	1.600000
2014	760	391714	430	-2.400000
2014	1190	392144	30	-1.200000
2002	0	392174	530	-1.200000
2002	530	392704	540	-4.100000
2002	1070	393244	190	-2.300000
1990	0	393434	510	-2.300000
1990	510	393944	700	-0.900000
1990	1210	394644	40	0.000000
1976	0	394684	260	0.000000
1976	260	394944	300	0.300000
1976	560	395244	300	-1.600000
1976	860	395544	350	-1.200000
1976	1210	395894	50	-2.900000
1964	0	395944	495	-2.900000
1964	495	396439	500	-2.100000
1964	995	396939	240	-1.100000
1952	0	397179	160	-1.100000
1952	160	397339	650	-2.600000
1952	810	397989	440	-1.400000
1940	0	398429	10	-1.400000
1940	10	398439	300	-1.900000
1940	310	398739	900	-1.200000
1940	1210	399639	40	-1.600000
1926	0	399679	190	-1.600000
1926	190	399869	500	0.000000
1926	690	400369	560	2.300000
1914	0	400929	60	2.300000
1914	60	400989	950	0.000000
1914	1010	401939	230	1.700000
1914	1240	402169	60	-1.500000
1900	0	402229	210	-1.500000
1900	210	402439	320	-0.400000
1900	530	402759	550	0.000000
1900	1080	403309	200	-1.400000
1888	0	403509	35	-1.400000
1888	35	403544	560	-6.700000
1888	595	404104	230	-3.800000
1888	825	404334	350	-1.900000
1888	1175	404684	270	-3.200000
1874	0	404954	80	-3.200000
1874	80	405034	200	-1.000000
1874	280	405234	250	0.900000
1874	530	405484	250	0.500000
1874	780	405734	300	-3.600000
1874	1080	406034	200	-0.900000
1874	1280	406234	10	0.000000
1860	0	406244	620	0.000000
1860	620	406864	670	-2.000000
1848	0	407534	200	-2.000000
1848	200	407734	250	0.000000
1848	450	407984	280	2.100000
1848	730	408264	200	-0.900000
1848	930	408464	230	-8.900000
1848	1160	408694	130	-4.200000
1836	0	408824	70	-4.200000
1836	70	408894	210	0.400000
1836	280	409104	210	5.900000
1836	490	409314	270	9.900000
1836	760	409584	340	-4.600000
1836	1100	409924	210	-7.100000
1836	1310	410134	10	-4.600000
1822	0	410144	190	-4.600000
1822	190	410334	200	-5.600000
1822	390	410534	250	-3.900000
1822	640	410784	300	-2.200000
1822	940	411084	250	0.400000
1822	1190	411334	150	4.700000
1808	0	411484	170	4.700000
1808	170	411654	330	0.000000
1808	500	411984	450	-4.200000
1808	950	412434	300	-3.600000
1808	1250	412734	70	-2.500000
1796	0	412804	230	-2.500000
1796	230	413034	500	-1.100000
1796	730	413534	250	-0.800000
1796	980	413784	400	0.000000
1796	1380	414184	130	1.200000
1780	0	414314	115	1.200000
1780	115	414429	200	2.200000
1780	315	414629	300	0.600000
1780	615	414929	400	-1.300000
1780	1015	415329	260	0.000000
1768	0	415589	310	0.000000
1768	310	415899	480	-6.400000
1768	790	416379	400	-1.700000
1768	1190	416779	90	-1.400000
1754	0	416869	160	-1.400000
1754	160	417029	450	-2.600000
1754	610	417479	300	-0.400000
1754	910	417779	250	1.700000
1754	1160	418029	130	-0.300000
1742	0	418159	120	-0.300000
1742	120	418279	450	-2.400000
1742	570	418729	300	-1.800000
1742	870	419029	420	-1.600000
1728	0	419449	80	-1.600000
1728	80	419529	750	0.600000
1728	830	420279	460	-0.400000
1716	0	420739	40	-0.400000
1716	40	420779	250	-2.300000
1716	290	421029	1000	-1.400000
1704	0	422029	500	0.000000
1704	500	422529	400	1.600000
1704	900	422929	390	0.900000
1690	0	423319	5	0.900000
1690	5	423324	300	-1.300000
1690	305	423624	400	-1.600000
1690	705	424024	250	0.500000
1690	955	424274	305	2.800000
1678	0	424579	40	2.800000
1678	40	424619	200	6.000000
1678	240	424819	310	7.900000
1678	550	425129	230	-1.500000
1678	780	425359	260	-6.900000
1678	1040	425619	210	-3.200000
1678	1250	425829	30	-4.600000
1664	0	425859	255	-4.600000
1664	255	426114	240	-7.300000
1664	495	426354	210	-5.500000
1664	705	426564	250	-1.300000
1664	955	426814	200	2.700000
1664	1155	427014	70	5.400000
1652	0	427084	205	5.400000
1652	205	427289	370	-2.700000
1652	575	427659	200	0.300000
1652	775	427859	400	0.000000
1652	1175	428259	175	2.000000
1638	0	428434	120	2.000000
1638	120	428554	220	1.000000
1638	340	428774	300	-7.000000
1638	640	429074	200	-1.000000
1638	840	429274	200	-0.300000
1638	1040	429474	200	-9.500000
1626	0	429674	115	-9.500000
1626	115	429789	260	8.900000
1626	375	430049	220	6.300000
1626	595	430269	310	-1.700000
1626	905	430579	330	-7.500000
1614	0	430909	85	-7.500000
1614	85	430994	350	-1.600000
1614	435	431344	310	-6.000000
1614	745	431654	240	-7.600000
1614	985	431894	220	-6.300000
1614	1205	432114	60	-2.900000
1602	0	432174	215	-2.900000
1602	215	432389	600	-0.400000
1602	815	432989	250	-0.700000
1602	1065	433239	430	0.000000
1588	0	433669	215	0.000000
1588	215	433884	300	-0.900000
1588	515	434184	200	0.700000
1588	715	434384	300	-0.700000
1588	1015	434684	100	0.000000
1588	1115	434784	85	0.000000
1574	0	434869	140	0.000000
1574	140	435009	370	1.700000
1574	510	435379	310	0.800000
1574	820	435689	290	-2.200000
1574	1110	435979	115	-2.400000
1560	0	436094	180	-2.400000
1560	180	436274	450	-2.900000
1560	630	436724	350	-1.100000
1560	980	437074	200	-1.800000
1560	1180	437274	50	-1.100000
1548	0	437324	145	-1.100000
1548	145	437469	300	-0.200000
1548	445	437769	400	-1.500000
1548	845	438169	480	-1.500000
1536	0	438649	115	-1.500000
1536	115	438764	300	-0.800000
1536	415	439064	865	-2.000000
1522	0	439929	230	-2.000000
1522	230	440159	550	-1.200000
1522	780	440709	350	-0.600000
1522	1130	441059	140	0.100000
1510	0	441199	455	0.100000
1510	455	441654	300	-1.700000
1510	755	441954	300	-5.000000
1510	1055	442254	200	-0.700000
1510	1255	442454	20	0.000000
1496	0	442474	575	0.000000
1496	575	443049	290	0.400000
1496	865	443339	360	-3.800000
1496	1225	443699	55	-3.400000
1484	0	443754	240	-3.400000
1484	240	443994	350	0.000000
1484	590	444344	300	0.600000
1484	890	444644	415	-2.000000
1472	0	445059	180	-2.000000
1472	180	445239	800	-1.500000
1472	980	446039	300	-0.100000
1458	0	446339	200	-0.100000
1458	200	446539	400	-0.700000
1458	600	446939	300	-1.400000
1458	900	447239	300	-4.700000
1458	1200	447539	85	-2.800000
1446	0	447624	210	-2.800000
1446	210	447834	400	-1.600000
1446	610	448234	300	-1.000000
1446	910	448534	365	-2.300000
1432	0	448899	430	-2.300000
1432	430	449329	830	-1.200000
1420	0	450159	65	-1.200000
1420	65	450224	200	-0.400000
1420	265	450424	350	0.300000
1420	615	450774	650	1.000000
1420	1265	451424	30	1.900000
1408	0	451454	415	1.900000
1408	415	451869	500	0.400000
1408	915	452369	220	2.400000
1408	1135	452589	195	-1.500000
1394	0	452784	330	-1.500000
1394	330	453114	300	-0.500000
1394	630	453414	200	1.200000
1394	830	453614	545	0.400000
1380	0	454159	155	0.400000
1380	155	454314	550	1.100000
1380	705	454864	500	1.800000
1380	1205	455364	185	1.500000
1366	0	455549	415	1.500000
1366	415	455964	450	3.000000
1366	865	456414	320	2.400000
1366	1185	456734	175	0.100000
1354	0	456909	105	0.100000
1354	105	457014	600	0.400000
1354	705	457614	200	5.100000
1354	905	457814	445	2.600000
1340	0	458259	150	2.600000
1340	150	458409	800	2.500000
1340	950	459209	405	0.900000
1326	0	459614	390	0.900000
1326	390	460004	700	2.300000
1326	1090	460704	265	0.400000
1312	0	460969	30	0.400000
1312	30	460999	800	1.400000
1312	830	461799	400	2.100000
1312	1230	462199	105	5.500000
1298	0	462304	190	5.500000
1298	190	462494	250	3.800000
1298	440	462744	400	2.400000
1298	840	463144	560	0.400000
1284	0	463704	90	0.400000
1284	90	463794	200	-0.500000
1284	290	463994	500	2.400000
1284	790	464494	400	3.900000
1284	1190	464894	150	1.500000
1272	0	465044	445	1.500000
1272	445	465489	600	4.200000
1272	1045	466089	300	1.400000
1258	0	466389	95	1.400000
1258	95	466484	950	3.500000
1258	1045	467434	240	2.400000
1244	0	467674	200	2.400000
1244	200	467874	900	3.800000
1244	1100	468774	200	3.400000
1232	0	468974	595	3.400000
1232	595	469569	645	4.100000
1220	0	470214	350	4.100000
1220	350	470564	800	2.200000
1220	1150	471364	95	7.400000
1206	0	471459	200	7.400000
1206	200	471659	400	9.700000
1206	600	472059	250	8.300000
1206	850	472309	250	5.900000
1206	1100	472559	140	3.100000
1194	0	472699	455	3.100000
1194	455	473154	500	6.000000
1194	955	473654	200	10.100000
1194	1155	473854	50	9.800000
1194	1205	473904	35	10.200000
1182	0	473939	15	10.200000
1182	15	473954	280	10.200000
1182	295	474234	300	5.900000
1182	595	474534	200	9.400000
1182	795	474734	300	10.000000
1182	1095	475034	85	8.600000
1170	0	475119	110	8.600000
1170	110	475229	250	3.000000
1170	360	475479	400	8.000000
1170	760	475879	300	8.600000
1170	1060	476179	240	9.300000
1156	0	476419	105	9.300000
1156	105	476524	200	8.600000
1156	305	476724	250	7.800000
1156	555	476974	200	8.500000
1156	755	477174	250	9.200000
1156	1005	477424	195	8.400000
1144	0	477619	200	8.400000
1144	200	477819	250	9.500000
1144	450	478069	250	8.000000
1144	700	478319	200	9.000000
1144	900	478519	300	10.100000
1132	0	478819	150	10.100000
1132	150	478969	250	7.500000
1132	400	479219	200	-2.700000
1132	600	479419	200	-3.500000
1132	800	479619	200	-10.900000
1132	1000	479819	200	-9.700000
1120	0	480019	200	-9.600000
1120	200	480219	200	-6.000000
1120	400	480419	400	-6.600000
1120	800	480819	300	-8.000000
1120	1100	481119	125	-1.300000
1108	0	481244	120	-1.300000
1108	120	481364	200	0.300000
1108	320	481564	350	0.200000
1108	670	481914	200	0.800000
1108	870	482114	200	3.600000
1108	1070	482314	100	8.600000
1108	1170	482414	95	8.600000
1096	0	482509	175	8.600000
1096	175	482684	250	7.000000
1096	425	482934	350	7.400000
1096	775	483284	200	8.600000
1096	975	483484	200	5.500000
1096	1175	483684	125	3.600000
1082	0	483809	320	3.600000
1082	320	484129	200	3.800000
1082	520	484329	200	6.400000
1082	720	484529	200	9.000000
1082	920	484729	250	11.300000
1082	1170	484979	90	7.700000
1070	0	485069	155	7.700000
1070	155	485224	350	7.900000
1070	505	485574	200	9.800000
1070	705	485774	300	8.800000
1070	1005	486074	250	9.600000
1070	1255	486324	115	3.200000
1056	0	486439	155	3.200000
1056	155	486594	230	-8.400000
1056	385	486824	825	-8.600000
1044	0	487649	525	-8.600000
1044	525	488174	200	-7.800000
1044	725	488374	500	-8.800000
1044	1225	488874	120	-9.700000
1030	0	488994	180	-9.700000
1030	180	489174	300	-8.300000
1030	480	489474	200	-9.500000
1030	680	489674	200	-7.000000
1030	880	489874	460	-7.700000
1018	0	490334	35	-7.700000
1018	35	490369	200	-7.100000
1018	235	490569	300	-9.800000
1018	535	490869	400	-8.700000
1018	935	491269	300	-8.400000
1018	1235	491569	30	-7.900000
1004	0	491599	670	-7.900000
1004	670	492269	700	-5.600000
1004	1370	492969	5	-8.400000
990	0	492974	190	-8.400000
990	190	493164	220	-6.200000
990	410	493384	930	-0.800000
990	1340	494314	60	-2.400000
976	0	494374	140	-2.400000
976	140	494514	200	-0.100000
976	340	494714	250	-7.500000
976	590	494964	200	-8.600000
976	790	495164	400	-7.800000
976	1190	495564	140	-5.500000
964	0	495704	155	-5.500000
964	155	495859	800	-3.800000
964	955	496659	400	-2.700000
950	0	497059	195	-2.700000
950	195	497254	700	-4.500000
950	895	497954	450	-4.200000
936	0	498404	260	-4.200000
936	260	498664	590	-3.900000
936	850	499254	495	-4.400000
924	0	499749	5	-4.400000
924	5	499754	250	-3.300000
924	255	500004	250	1.000000
924	505	500254	300	-1.000000
924	805	500554	350	-6.200000
924	1155	500904	190	-2.200000
910	0	501094	155	-2.200000
910	155	501249	400	-2.700000
910	555	501649	300	-1.700000
910	855	501949	490	-1.000000
896	0	502439	105	-1.000000
896	105	502544	500	-0.200000
896	605	503044	450	-0.400000
896	1055	503494	250	0.400000
896	1305	503744	40	-2.200000
882	0	503784	160	-2.200000
882	160	503944	200	-0.100000
882	360	504144	800	0.500000
882	1160	504944	220	-0.100000
868	0	505164	80	-0.100000
868	80	505244	200	1.000000
868	280	505444	370	2.700000
868	650	505814	230	7.500000
868	880	506044	5	7.500000
868	885	506049	240	4.700000
858	0	506289	20	4.700000
858	20	506309	300	7.000000
858	320	506609	300	5.800000
858	620	506909	200	7.200000
858	820	507109	205	6.900000
848	0	507314	390	6.900000
848	390	507704	400	8.200000
848	790	508104	300	6.600000
848	1090	508404	5	9.000000
836	0	508409	390	9.000000
836	390	508799	200	6.000000
836	590	508999	505	8.800000
826	0	509504	290	8.800000
826	290	509794	300	8.000000
826	590	510094	200	6.100000
826	790	510294	300	9.500000
826	1090	510594	10	10.700000
814	0	510604	435	10.700000
814	435	511039	250	6.800000
814	685	511289	250	-1.000000
814	935	511539	190	-10.000000
802	0	511729	55	-10.000000
802	55	511784	200	-11.100000
802	255	511984	300	-8.200000
802	555	512284	535	-7.800000
792	0	512819	10	-7.800000
792	10	512829	250	-0.900000
792	260	513079	300	1.000000
792	560	513379	200	3.100000
792	760	513579	400	2.200000
792	1160	513979	170	0.800000
778	0	514149	25	0.800000
778	25	514174	400	5.800000
778	425	514574	300	4.200000
778	725	514874	385	5.300000
768	0	515259	210	5.300000
768	210	515469	300	4.000000
768	510	515769	550	6.500000
758	0	516319	150	6.500000
758	150	516469	300	4.200000
758	450	516769	500	6.100000
758	950	517269	215	5.400000
746	0	517484	180	5.400000
746	180	517664	550	6.300000
746	730	518214	250	1.200000
746	980	518464	230	-4.800000
734	0	518694	65	-4.800000
734	65	518759	200	-8.400000
734	265	518959	300	-9.700000
734	565	519259	300	-7.600000
734	865	519559	340	-7.100000
720	0	519899	55	-7.100000
720	55	519954	400	-8.600000
720	455	520354	300	-6.500000
720	755	520654	300	-7.800000
720	1055	520954	110	-10.600000
710	0	521064	85	-10.600000
710	85	521149	300	-4.900000
710	385	521449	570	-8.900000
710	955	522019	115	-5.900000
698	0	522134	160	-5.900000
698	160	522294	200	-13.200000
698	360	522494	250	-9.700000
698	610	522744	300	-7.100000
698	910	523044	200	-8.400000
698	1110	523244	80	-9.600000
686	0	523324	220	-9.600000
686	220	523544	300	-10.800000
686	520	523844	550	-3.800000
686	1070	524394	115	-6.100000
674	0	524509	385	-6.100000
674	385	524894	250	-11.100000
674	635	525144	300	-8.700000
674	935	525444	200	-9.700000
674	1135	525644	85	-12.600000
662	0	525729	460	-12.600000
662	460	526189	550	-8.000000
662	1010	526739	130	-9.000000
650	0	526869	165	-9.000000
650	165	527034	300	-9.900000
650	465	527334	300	-8.400000
650	765	527634	405	-9.300000
640	0	528039	95	-9.300000
640	95	528134	300	-8.100000
640	395	528434	300	-6.600000
640	695	528734	475	-8.000000
628	0	529209	70	-8.000000
628	70	529279	350	-4.700000
628	420	529629	400	-2.600000
628	820	530029	560	-2.900000
614	0	530589	60	-2.900000
614	60	530649	280	-6.300000
614	340	530929	200	-5.600000
614	540	531129	400	-5.000000
614	940	531529	145	-4.300000
602	0	531674	500	-4.300000
602	500	532174	250	-1.700000
602	750	532424	300	-3.700000
602	1050	532724	50	-2.500000
592	0	532774	145	-2.500000
592	145	532919	400	0.900000
592	545	533319	200	-8.800000
592	745	533519	200	-10.300000
592	945	533719	200	-8.300000
592	1145	533919	40	-3.400000
580	0	533959	155	-3.400000
580	155	534114	350	-0.900000
580	505	534464	200	-1.400000
580	705	534664	250	-5.100000
580	955	534914	140	-4.100000
568	0	535054	60	-4.100000
568	60	535114	200	-3.400000
568	260	535314	300	-5.100000
568	560	535614	400	-4.000000
568	960	536014	95	-4.500000
558	0	536109	150	-4.500000
558	150	536259	200	-3.700000
558	350	536459	400	-0.700000
558	750	536859	280	-4.900000
548	0	537139	65	-4.900000
548	65	537204	200	-3.000000
548	265	537404	550	0.000000
548	815	537954	220	-0.500000
538	0	538174	25	-0.500000
538	25	538199	200	-2.600000
538	225	538399	700	-1.700000
538	925	539099	140	-4.300000
526	0	539239	105	-4.300000
526	105	539344	250	-3.200000
526	355	539594	300	-1.800000
526	655	539894	300	-3.100000
526	955	540194	195	-4.900000
514	0	540389	100	-4.900000
514	100	540489	200	-5.300000
514	300	540689	250	-3.600000
514	550	540939	300	-1.500000
514	850	541239	205	-0.400000
504	0	541444	640	-0.400000
504	640	542084	400	-3.800000
504	1040	542484	85	-1.800000
494	0	542569	160	-1.800000
494	160	542729	200	-5.900000
494	360	542929	200	-4.100000
494	560	543129	200	-1.900000
494	760	543329	260	-0.400000
484	0	543589	235	-0.400000
484	235	543824	200	0.800000
484	435	544024	200	2.700000
484	635	544224	230	4.000000
484	865	544454	180	-4.900000
472	0	544634	85	-4.900000
472	85	544719	300	-4.500000
472	385	545019	200	-5.600000
472	585	545219	450	-4.000000
472	1035	545669	15	-2.900000
462	0	545684	180	-2.900000
462	180	545864	855	-1.700000
452	0	546719	290	-1.700000
452	290	547009	250	0.400000
452	540	547259	250	0.800000
452	790	547509	240	-0.200000
440	0	547749	405	-0.200000
440	405	548154	670	-1.100000
430	0	548824	25	-1.100000
430	25	548849	400	-0.200000
430	425	549249	300	3.700000
430	725	549549	200	-0.600000
430	925	549749	110	-6.200000
420	0	549859	185	-6.200000
420	185	550044	350	-1.200000
420	535	550394	650	-0.700000
420	1185	551044	90	0.900000
408	0	551134	205	0.900000
408	205	551339	600	-0.400000
408	805	551939	310	0.000000
396	0	552249	585	0.000000
396	585	552834	475	0.300000
386	0	553309	220	0.300000
386	220	553529	800	-1.000000
386	1020	554329	95	0.000000
374	0	554424	750	0.000000
374	750	555174	385	-2.000000
362	0	555559	65	-2.000000
362	65	555624	500	-1.500000
362	565	556124	500	-0.700000
362	1065	556624	60	0.700000
352	0	556684	135	0.700000
352	135	556819	300	2.200000
352	435	557119	400	-5.000000
352	835	557519	200	-1.600000
352	1035	557719	125	0.300000
340	0	557844	975	0.300000
340	975	558819	135	-2.800000
328	0	558954	360	-2.800000
328	360	559314	745	-0.400000
318	0	560059	150	-0.400000
318	150	560209	400	-0.200000
318	550	560609	300	1.300000
318	850	560909	250	-1.100000
318	1100	561159	15	0.000000
306	0	561174	295	0.000000
306	295	561469	300	-0.600000
306	595	561769	400	-0.600000
306	995	562169	95	-1.000000
296	0	562264	250	-1.000000
296	250	562514	500	0.000000
296	750	563014	385	1.000000
284	0	563399	15	1.000000
284	15	563414	700	-1.000000
284	715	564114	395	-1.300000
274	0	564509	200	-1.300000
274	200	564709	1005	0.000000
262	0	565714	690	0.000000
262	690	566404	400	-2.200000
250	0	566804	400	-0.900000
250	400	567204	600	-1.500000
250	1000	567804	100	0.300000
240	0	567904	70	0.300000
240	70	567974	300	6.000000
240	370	568274	300	2.600000
240	670	568574	400	5.500000
240	1070	568974	90	7.100000
228	0	569064	105	7.100000
228	105	569169	200	5.600000
228	305	569369	200	4.300000
228	505	569569	200	3.000000
228	705	569769	355	4.200000
216	0	570124	40	4.200000
216	40	570164	200	5.500000
216	240	570364	200	7.600000
216	440	570564	200	4.700000
216	640	570764	200	3.700000
216	840	570964	200	5.700000
216	1040	571164	40	4.700000
206	0	571204	255	4.700000
206	255	571459	200	2.900000
206	455	571659	300	1.800000
206	755	571959	400	1.800000
206	1155	572359	200	1.300000
206	1355	572559	60	-0.300000
192	0	572619	235	-0.300000
192	235	572854	200	-6.700000
192	435	573054	200	-7.200000
192	635	573254	300	-10.200000
192	935	573554	425	-9.100000
178	0	573979	170	-9.100000
178	170	574149	440	8.800000
178	610	574589	260	-3.200000
178	870	574849	460	-4.400000
164	0	575309	495	-4.400000
164	495	575804	250	2.700000
164	745	576054	200	5.100000
164	945	576254	380	1.900000
164	1325	576634	10	2.600000
164	1335	576644	265	2.200000
164	1600	576909	300	0.900000
164	1900	577209	300	0.300000
164	2200	577509	175	1.100000
76	0	577684	120	1.100000
76	120	577804	200	3.000000
76	320	578004	300	3.700000
76	620	578304	240	1.200000
76	860	578544	460	-8.600000
76	1320	579004	90	-10.000000
64	0	579094	160	-10.000000
64	160	579254	300	13.800000
64	460	579554	250	10.200000
64	710	579804	200	4.200000
64	910	580004	155	1.300000
52	0	580159	270	1.300000
52	270	580429	370	4.800000
52	640	580799	300	5.900000
52	940	581099	100	4.200000
40	0	581199	500	4.200000
40	500	581699	300	5.800000
40	800	581999	350	5.400000
30	0	582349	650	5.400000
30	650	582999	400	5.600000
30	1050	583399	65	5.800000
12	0	583464	330	5.800000
12	330	583794	200	5.200000
12	530	583994	600	2.500000
12	1130	584594	295	1.700000
4	0	584889	10	1.700000
4	10	584899	200	0.800000
4	210	585099	120	-2.700000
4	330	585219	70	-1.400000
4	400	585289	350	-5.700000
4	750	585639	165	-4.600000
110	0	585804	130	-4.600000
110	130	585934	200	-1.300000
110	330	586134	300	5.900000
110	630	586434	450	5.500000
100	0	586884	150	5.500000
100	150	587034	300	0.200000
100	450	587334	300	0.900000
100	750	587634	310	2.200000
90	0	587944	85	2.200000
90	85	588029	500	2.900000
90	585	588529	250	2.100000
90	835	588779	800	1.100000
90	1635	589579	90	-1.100000
