0	0	244949	246280	45
0	0	246280	246364	45
0	0	246364	246372	30
0	0	246372	246552	30
0	0	246552	246722	30
0	0	246722	246733	30
0	0	246733	246753	30
0	0	246753	247629	30
0	0	247629	247753	80
0	0	247753	247757	80
0	0	247757	247877	80
0	0	247877	247967	80
0	0	247967	248177	80
0	0	248177	248247	80
0	0	248247	248397	80
0	0	248397	248699	80
0	0	248699	249764	120
0	0	249764	250174	80
0	0	250174	250174	120
0	0	250174	250734	80
0	0	250734	250814	120
0	0	250814	250824	70
0	0	250824	251591	70
0	0	251591	251601	120
0	0	251601	251894	80
0	0	251894	252336	80
0	0	252336	252716	120
0	0	252716	252979	90
0	0	252979	253063	90
0	0	253063	253803	120
0	0	253803	254033	85
0	0	254033	254309	120
0	0	254309	255186	120
0	0	255186	255256	80
0	0	255256	255286	120
0	0	255286	255356	80
0	0	255356	255499	120
0	0	255499	256699	120
0	0	256699	256802	120
0	0	256802	257082	105
0	0	257082	257472	120
0	0	257472	257672	110
0	0	257672	257944	120
0	0	257944	259124	120
0	0	259124	259268	120
0	0	259268	259468	80
0	0	259468	259478	120
0	0	259478	259668	80
0	0	259668	260108	120
0	0	260108	260294	110
0	0	260294	260423	120
0	0	260423	260593	100
0	0	260593	260613	120
0	0	260613	260933	70
0	0	260933	260943	120
0	0	260943	261464	80
0	0	261464	261738	80
0	0	261738	261918	120
0	0	261918	262098	80
0	0	262098	262218	120
0	0	262218	262448	75
0	0	262448	262448	120
0	0	262448	262644	70
0	0	262644	262750	70
0	0	262750	262830	120
0	0	262830	263010	75
0	0	263010	263680	120
0	0	263680	263800	80
0	0	263800	263810	120
0	0	263810	263834	70
0	0	263834	263877	70
0	0	263877	264147	120
0	0	264147	264467	110
0	0	264467	265037	120
0	0	265037	265149	100
0	0	265149	265234	100
0	0	265234	265254	120
0	0	265254	265464	100
0	0	265464	265594	120
0	0	265594	265774	80
0	0	265774	265774	120
0	0	265774	266319	100
0	0	266319	267354	100
0	0	267354	268649	100
0	0	268649	269834	100
0	0	269834	270456	100
0	0	270456	270456	120
0	0	270456	270616	75
0	0	270616	270736	120
0	0	270736	271049	75
0	0	271049	271163	75
0	0	271163	271163	120
0	0	271163	271413	75
0	0	271413	271413	120
0	0	271413	271763	70
0	0	271763	272033	120
0	0	272033	272223	80
0	0	272223	272244	120
0	0	272244	272305	120
0	0	272305	272585	95
0	0	272585	273205	120
0	0	273205	273295	80
0	0	273295	273389	120
0	0	273389	273440	120
0	0	273440	273600	80
0	0	273600	273650	120
0	0	273650	273880	95
0	0	273880	273910	120
0	0	273910	274180	78
0	0	274180	274210	120
0	0	274210	274420	80
0	0	274420	274460	120
0	0	274460	274569	80
0	0	274569	274657	80
0	0	274657	274997	120
0	0	274997	275567	95
0	0	275567	276044	120
0	0	276044	276343	120
0	0	276343	277059	85
0	0	277059	277705	85
0	0	277705	278324	120
0	0	278324	278481	120
0	0	278481	278691	85
0	0	278691	278721	120
0	0	278721	279031	100
0	0	279031	279081	120
0	0	279081	279549	100
0	0	279549	279575	100
0	0	279575	279605	120
0	0	279605	279965	80
0	0	279965	279975	120
0	0	279975	280155	75
0	0	280155	280195	120
0	0	280195	280665	95
0	0	280665	280724	120
0	0	280724	281011	120
0	0	281011	281361	95
0	0	281361	281451	120
0	0	281451	281521	60
0	0	281521	281904	120
0	0	281904	282389	120
0	0	282389	282669	85
0	0	282669	283079	120
0	0	283079	283187	120
0	0	283187	283767	100
0	0	283767	284259	120
0	0	284259	284552	120
0	0	284552	284892	80
0	0	284892	285434	120
0	0	285434	285457	120
0	0	285457	285977	90
0	0	285977	286619	120
0	0	286619	286767	120
0	0	286767	287057	100
0	0	287057	287417	120
0	0	287417	287804	90
0	0	287804	288004	90
0	0	288004	288124	120
0	0	288124	288464	100
0	0	288464	288604	120
0	0	288604	288934	90
0	0	288934	289021	90
0	0	289021	289441	120
0	0	289441	289601	80
0	0	289601	290169	120
0	0	290169	291344	120
0	0	291344	291432	120
0	0	291432	291792	85
0	0	291792	292672	120
0	0	292672	292802	100
0	0	292802	292822	120
0	0	292822	292859	80
0	0	292859	292927	80
0	0	292927	293007	120
0	0	293007	293327	90
0	0	293327	294039	120
0	0	294039	294212	120
0	0	294212	294442	100
0	0	294442	294552	120
0	0	294552	295224	83
0	0	295224	295258	83
0	0	295258	295668	120
0	0	295668	296228	95
0	0	296228	296319	120
0	0	296319	296492	120
0	0	296492	297404	80
0	0	297404	297928	80
0	0	297928	297998	120
0	0	297998	298238	80
0	0	298238	298539	120
0	0	298539	298781	120
0	0	298781	299071	105
0	0	299071	299541	120
0	0	299541	299674	85
0	0	299674	300099	85
0	0	300099	300329	120
0	0	300329	300849	90
0	0	300849	300936	90
0	0	300936	301176	120
0	0	301176	301226	90
0	0	301226	301476	120
0	0	301476	301846	95
0	0	301846	301986	120
0	0	301986	302076	80
0	0	302076	302384	120
0	0	302384	302860	120
0	0	302860	303090	95
0	0	303090	303280	120
0	0	303280	303429	80
0	0	303429	303537	80
0	0	303537	304247	120
0	0	304247	304579	90
0	0	304579	304632	90
0	0	304632	305162	120
0	0	305162	305602	95
0	0	305602	305724	120
0	0	305724	306818	120
0	0	306818	306869	100
0	0	306869	307060	100
0	0	307060	307130	120
0	0	307130	307320	80
0	0	307320	307330	120
0	0	307330	307440	80
0	0	307440	307964	120
0	0	307964	308142	120
0	0	308142	308312	100
0	0	308312	308332	120
0	0	308332	308542	100
0	0	308542	308972	120
0	0	308972	309189	110
0	0	309189	309420	110
0	0	309420	309420	120
0	0	309420	309870	100
0	0	309870	309990	120
0	0	309990	310319	80
0	0	310319	310377	80
0	0	310377	310387	120
0	0	310387	311439	90
0	0	311439	311593	90
0	0	311593	311843	120
0	0	311843	312313	90
0	0	312313	312564	120
0	0	312564	312588	120
0	0	312588	313008	100
0	0	313008	313068	120
0	0	313068	313358	100
0	0	313358	313734	120
0	0	313734	313811	120
0	0	313811	314071	115
0	0	314071	314401	120
0	0	314401	314511	80
0	0	314511	314521	120
0	0	314521	314631	80
0	0	314631	314802	120
0	0	314802	314874	80
0	0	314874	315190	80
0	0	315190	315200	120
0	0	315200	315620	80
0	0	315620	316020	120
0	0	316020	316034	75
0	0	316034	316257	75
0	0	316257	316267	120
0	0	316267	316637	75
0	0	316637	316757	120
0	0	316757	316947	80
0	0	316947	316977	120
0	0	316977	317169	80
0	0	317169	317361	80
0	0	317361	317441	120
0	0	317441	318021	70
0	0	318021	318021	120
0	0	318021	318551	80
0	0	318551	318574	120
0	0	318574	318616	120
0	0	318616	319206	80
0	0	319206	319216	120
0	0	319216	319674	80
0	0	319674	320061	80
0	0	320061	320081	120
0	0	320081	320874	80
0	0	320874	321086	80
0	0	321086	321146	120
0	0	321146	321316	110
0	0	321316	321596	120
0	0	321596	322054	85
0	0	322054	322132	85
0	0	322132	322382	120
0	0	322382	322662	95
0	0	322662	323102	120
0	0	323102	323249	80
0	0	323249	323252	120
0	0	323252	323253	80
0	0	323253	323398	80
0	0	323398	323608	120
0	0	323608	324018	95
0	0	324018	324378	120
0	0	324378	324424	75
0	0	324424	324564	75
0	0	324564	324664	120
0	0	324664	325014	68
0	0	325014	325014	120
0	0	325014	325084	45
0	0	325084	325084	120
0	0	325084	325155	68
0	0	325155	325144	120
0	0	325144	325155	95
0	0	325155	325155	120
0	0	325155	325428	68
0	0	325428	325155	120
0	0	325155	325449	95
0	0	325449	325449	120
0	0	325449	325554	95
0	0	325554	325676	95
0	0	325676	325866	120
0	0	325866	326416	73
0	0	326416	326696	120
0	0	326696	326724	80
0	0	326724	327262	80
0	0	327262	327422	120
0	0	327422	327742	100
0	0	327742	327909	120
0	0	327909	328139	120
0	0	328139	328379	78
0	0	328379	328499	120
0	0	328499	328869	73
0	0	328869	328929	120
0	0	328929	329044	80
0	0	329044	329089	80
0	0	329089	329099	120
0	0	329099	329339	70
0	0	329339	329349	120
0	0	329349	329679	70
0	0	329679	329699	120
0	0	329699	329999	80
0	0	329999	330169	120
0	0	330169	330679	120
0	0	330679	330909	80
0	0	330909	330999	120
0	0	330999	331294	78
0	0	331294	331429	78
0	0	331429	331629	120
0	0	331629	332099	80
0	0	332099	332419	120
0	0	332419	333584	120
0	0	333584	333690	120
0	0	333690	333990	85
0	0	333990	335129	120
0	0	335129	335358	120
0	0	335358	335518	95
0	0	335518	335518	120
0	0	335518	335754	95
0	0	335754	336244	120
0	0	336244	336289	78
0	0	336289	337217	78
0	0	337217	337347	120
0	0	337347	337459	90
0	0	337459	338091	90
0	0	338091	338659	120
0	0	338659	339849	120
0	0	339849	341054	120
0	0	341054	341354	120
0	0	341354	342264	70
0	0	342264	342312	70
0	0	342312	342522	120
0	0	342522	342962	80
0	0	342962	342972	120
0	0	342972	343422	80
0	0	343422	343469	120
0	0	343469	343538	120
0	0	343538	344108	68
0	0	344108	344118	120
0	0	344118	344688	68
0	0	344688	344754	120
0	0	344754	345282	120
0	0	345282	346054	90
0	0	346054	346069	90
0	0	346069	346259	120
0	0	346259	346679	80
0	0	346679	346849	120
0	0	346849	347319	80
0	0	347319	347599	80
0	0	347599	347809	120
0	0	347809	348529	78
0	0	348529	348889	78
0	0	348889	349209	120
0	0	349209	349789	85
0	0	349789	349859	85
0	0	349859	349979	120
0	0	349979	350349	90
0	0	350349	350569	120
0	0	350569	351049	78
0	0	351049	351097	78
0	0	351097	351447	120
0	0	351447	351837	95
0	0	351837	352067	120
0	0	352067	352294	68
0	0	352294	352924	68
0	0	352924	352964	120
0	0	352964	353404	78
0	0	353404	353474	120
0	0	353474	353544	80
0	0	353544	353974	80
0	0	353974	354584	120
0	0	354584	354799	75
0	0	354799	354860	75
0	0	354860	356074	120
0	0	356074	356509	120
0	0	356509	356809	80
0	0	356809	356829	120
0	0	356829	357239	80
0	0	357239	357419	120
0	0	357419	357529	120
0	0	357529	357959	80
0	0	357959	358429	120
0	0	358429	358659	80
0	0	358659	358769	120
0	0	358769	359039	120
0	0	359039	359509	90
0	0	359509	359699	120
0	0	359699	360069	90
0	0	360069	361079	120
0	0	361079	361309	80
0	0	361309	361369	120
0	0	361369	362719	120
0	0	362719	364069	120
0	0	364069	364829	120
0	0	364829	365409	95
0	0	365409	365449	95
0	0	365449	366129	120
0	0	366129	366624	100
0	0	366624	366658	100
0	0	366658	368094	120
0	0	368094	368804	120
0	0	368804	368934	100
0	0	368934	369234	120
0	0	369234	369314	80
0	0	369314	369654	80
0	0	369654	370124	120
0	0	370124	370484	95
0	0	370484	370534	120
0	0	370534	370754	120
0	0	370754	371414	95
0	0	371414	371764	120
0	0	371764	372734	120
0	0	372734	372994	105
0	0	372994	373014	105
0	0	373014	373294	120
0	0	373294	373554	110
0	0	373554	374224	120
0	0	374224	374464	120
0	0	374464	374874	90
0	0	374874	375464	120
0	0	375464	375988	120
0	0	375988	376128	80
0	0	376128	376178	120
0	0	376178	376298	80
0	0	376298	376678	120
0	0	376678	376714	85
0	0	376714	377264	85
0	0	377264	377964	120
0	0	377964	379259	120
0	0	379259	380594	120
0	0	380594	380914	120
0	0	380914	381234	75
0	0	381234	381694	120
0	0	381694	381924	80
0	0	381924	382054	80
0	0	382054	382304	120
0	0	382304	382514	90
0	0	382514	383054	120
0	0	383054	383244	80
0	0	383244	383304	120
0	0	383304	384562	120
0	0	384562	384579	95
0	0	384579	384869	95
0	0	384869	385079	120
0	0	385079	385429	95
0	0	385429	385849	120
0	0	385849	386389	120
0	0	386389	386819	95
0	0	386819	387119	120
0	0	387119	387289	120
0	0	387289	387609	95
0	0	387609	387869	120
0	0	387869	388159	90
0	0	388159	388209	120
0	0	388209	388339	90
0	0	388339	388589	90
0	0	388589	388769	120
0	0	388769	389149	90
0	0	389149	389219	120
0	0	389219	389419	80
0	0	389419	389519	120
0	0	389519	389641	90
0	0	389641	389649	120
0	0	389649	389807	90
0	0	389807	389847	120
0	0	389847	390307	80
0	0	390307	390954	120
0	0	390954	391334	120
0	0	391334	391724	90
0	0	391724	392174	120
0	0	392174	392674	120
0	0	392674	392974	80
0	0	392974	393124	120
0	0	393124	393434	95
0	0	393434	393444	95
0	0	393444	394254	120
0	0	394254	394484	100
0	0	394484	394684	120
0	0	394684	395174	120
0	0	395174	395464	95
0	0	395464	395634	120
0	0	395634	395944	95
0	0	395944	396062	95
0	0	396062	397179	120
0	0	397179	398429	120
0	0	398429	399669	120
0	0	399669	399679	95
0	0	399679	399969	95
0	0	399969	400849	120
0	0	400849	400929	110
0	0	400929	401189	110
0	0	401189	401339	120
0	0	401339	402129	90
0	0	402129	402229	120
0	0	402229	402269	120
0	0	402269	402369	95
0	0	402369	403509	120
0	0	403509	403757	120
0	0	403757	404037	95
0	0	404037	404617	120
0	0	404617	404954	90
0	0	404954	404974	90
0	0	404974	405524	120
0	0	405524	406134	90
0	0	406134	406244	120
0	0	406244	406894	120
0	0	406894	407294	95
0	0	407294	407534	120
0	0	407534	408124	120
0	0	408124	408324	80
0	0	408324	408514	120
0	0	408514	408824	95
0	0	408824	408864	95
0	0	408864	409134	120
0	0	409134	409434	80
0	0	409434	409454	120
0	0	409454	409634	68
0	0	409634	409654	120
0	0	409654	409824	68
0	0	409824	409844	120
0	0	409844	410064	68
0	0	410064	410084	120
0	0	410084	410144	80
0	0	410144	410494	80
0	0	410494	410644	120
0	0	410644	410824	80
0	0	410824	411484	120
0	0	411484	411844	120
0	0	411844	412104	75
0	0	412104	412154	120
0	0	412154	412644	85
0	0	412644	412804	120
0	0	412804	412854	120
0	0	412854	413194	90
0	0	413194	413884	120
0	0	413884	414024	80
0	0	414024	414314	120
0	0	414314	414491	120
0	0	414491	415051	90
0	0	415051	415589	120
0	0	415589	415599	120
0	0	415599	415779	80
0	0	415779	416869	120
0	0	416869	418159	120
0	0	418159	418229	120
0	0	418229	418439	70
0	0	418439	419139	120
0	0	419139	419449	80
0	0	419449	419849	80
0	0	419849	420739	120
0	0	420739	420819	120
0	0	420819	421119	100
0	0	421119	422029	120
0	0	422029	423319	120
0	0	423319	424477	120
0	0	424477	424579	90
0	0	424579	424752	90
0	0	424752	424832	120
0	0	424832	425742	90
0	0	425742	425812	120
0	0	425812	425859	90
0	0	425859	426075	90
0	0	426075	426175	120
0	0	426175	426535	90
0	0	426535	426655	120
0	0	426655	426975	90
0	0	426975	427035	120
0	0	427035	427084	80
0	0	427084	427830	80
0	0	427830	427920	120
0	0	427920	428330	85
0	0	428330	428350	120
0	0	428350	428434	75
0	0	428434	429087	75
0	0	429087	429547	120
0	0	429547	429674	80
0	0	429674	429823	80
0	0	429823	429833	120
0	0	429833	430473	80
0	0	430473	430909	120
0	0	430909	431697	120
0	0	431697	432127	95
0	0	432127	432174	120
0	0	432174	432630	120
0	0	432630	432740	80
0	0	432740	432740	120
0	0	432740	432860	80
0	0	432860	433360	120
0	0	433360	433470	80
0	0	433470	433510	120
0	0	433510	433610	80
0	0	433610	433669	120
0	0	433669	433938	120
0	0	433938	434288	80
0	0	434288	434869	120
0	0	434869	434971	120
0	0	434971	435451	80
0	0	435451	435471	120
0	0	435471	435711	80
0	0	435711	435851	120
0	0	435851	436001	80
0	0	436001	436011	120
0	0	436011	436094	80
0	0	436094	436158	80
0	0	436158	436208	120
0	0	436208	436458	90
0	0	436458	436728	120
0	0	436728	436958	85
0	0	436958	437324	120
0	0	437324	437503	120
0	0	437503	437973	95
0	0	437973	438649	120
0	0	438649	439929	120
0	0	439929	441199	120
0	0	441199	441768	120
0	0	441768	442218	95
0	0	442218	442408	120
0	0	442408	442474	95
0	0	442474	442733	95
0	0	442733	443693	120
0	0	443693	443754	100
0	0	443754	443838	100
0	0	443838	443878	120
0	0	443878	444028	80
0	0	444028	445059	120
0	0	445059	446339	120
0	0	446339	447624	120
0	0	447624	447995	120
0	0	447995	448245	100
0	0	448245	448899	120
0	0	448899	448990	120
0	0	448990	449340	100
0	0	449340	450159	120
0	0	450159	450476	120
0	0	450476	450896	100
0	0	450896	451256	120
0	0	451256	451454	95
0	0	451454	451603	95
0	0	451603	451683	120
0	0	451683	452033	95
0	0	452033	452273	120
0	0	452273	452723	100
0	0	452723	452743	120
0	0	452743	452784	80
0	0	452784	452838	80
0	0	452838	452848	120
0	0	452848	452938	80
0	0	452938	453328	120
0	0	453328	453648	115
0	0	453648	454159	120
0	0	454159	454524	120
0	0	454524	454714	95
0	0	454714	454754	120
0	0	454754	454884	80
0	0	454884	455549	120
0	0	455549	456404	120
0	0	456404	456734	100
0	0	456734	456754	120
0	0	456754	456894	80
0	0	456894	456909	120
0	0	456909	458259	120
0	0	458259	459614	120
0	0	459614	460667	120
0	0	460667	460917	90
0	0	460917	460969	120
0	0	460969	461202	120
0	0	461202	461592	95
0	0	461592	462304	120
0	0	462304	462556	120
0	0	462556	462726	95
0	0	462726	463704	120
0	0	463704	465044	120
0	0	465044	466389	120
0	0	466389	466598	120
0	0	466598	466778	100
0	0	466778	467398	120
0	0	467398	467438	80
0	0	467438	467674	120
0	0	467674	468974	120
0	0	468974	470211	120
0	0	470211	470214	100
0	0	470214	470346	100
0	0	470346	471459	120
0	0	471459	471912	120
0	0	471912	472182	95
0	0	472182	472699	120
0	0	472699	473939	120
0	0	473939	473986	120
0	0	473986	474906	80
0	0	474906	474926	120
0	0	474926	475119	80
0	0	475119	475831	80
0	0	475831	476419	120
0	0	476419	477365	120
0	0	477365	477619	85
0	0	477619	477821	85
0	0	477821	477991	120
0	0	477991	478661	110
0	0	478661	478811	120
0	0	478811	478819	80
0	0	478819	479329	80
0	0	479329	479449	120
0	0	479449	479929	85
0	0	479929	480019	120
0	0	480019	480069	120
0	0	480069	480669	85
0	0	480669	480709	120
0	0	480709	481209	95
0	0	481209	481244	120
0	0	481244	482509	120
0	0	482509	482577	120
0	0	482577	483677	80
0	0	483677	483809	120
0	0	483809	484240	120
0	0	484240	484410	85
0	0	484410	484880	120
0	0	484880	485069	75
0	0	485069	485877	75
0	0	485877	485897	120
0	0	485897	486437	75
0	0	486437	486439	120
0	0	486439	486464	120
0	0	486464	487004	80
0	0	487004	487144	120
0	0	487144	487604	100
0	0	487604	487649	120
0	0	487649	487814	120
0	0	487814	488404	95
0	0	488404	488994	120
0	0	488994	489004	120
0	0	489004	489744	95
0	0	489744	489884	120
0	0	489884	490324	80
0	0	490324	490334	120
0	0	490334	490350	120
0	0	490350	490620	80
0	0	490620	490820	120
0	0	490820	491020	80
0	0	491020	491599	120
0	0	491599	491689	120
0	0	491689	491949	95
0	0	491949	492279	120
0	0	492279	492799	80
0	0	492799	492839	120
0	0	492839	492974	80
0	0	492974	493048	80
0	0	493048	493278	120
0	0	493278	493508	90
0	0	493508	494278	120
0	0	494278	494374	90
0	0	494374	494504	90
0	0	494504	495124	120
0	0	495124	495284	95
0	0	495284	495704	120
0	0	495704	497059	120
0	0	497059	497256	120
0	0	497256	497456	80
0	0	497456	498236	120
0	0	498236	498404	110
0	0	498404	498614	110
0	0	498614	498944	120
0	0	498944	499424	115
0	0	499424	499749	120
0	0	499749	500610	120
0	0	500610	501030	100
0	0	501030	501090	120
0	0	501090	501093	100
0	0	501093	501094	120
0	0	501094	501381	100
0	0	501381	502439	120
0	0	502439	503266	120
0	0	503266	503784	95
0	0	503784	503954	95
0	0	503954	505164	120
0	0	505164	506289	120
0	0	506289	507314	95
0	0	507314	507937	95
0	0	507937	508117	120
0	0	508117	508409	95
0	0	508409	509092	95
0	0	509092	509382	120
0	0	509382	509504	110
0	0	509504	509647	110
0	0	509647	509867	120
0	0	509867	510207	95
0	0	510207	510347	120
0	0	510347	510604	95
0	0	510604	510823	120
0	0	510823	511213	115
0	0	511213	511393	120
0	0	511393	511729	95
0	0	511729	511817	95
0	0	511817	511877	120
0	0	511877	512357	105
0	0	512357	512627	120
0	0	512627	512819	80
0	0	512819	512932	80
0	0	512932	513202	120
0	0	513202	514082	105
0	0	514082	514149	120
0	0	514149	514306	120
0	0	514306	514356	80
0	0	514356	514376	120
0	0	514376	514456	80
0	0	514456	514546	120
0	0	514546	514826	95
0	0	514826	515086	120
0	0	515086	515259	95
0	0	515259	515882	95
0	0	515882	516319	120
0	0	516319	516479	120
0	0	516479	516999	95
0	0	516999	517484	120
0	0	517484	517837	120
0	0	517837	518427	95
0	0	518427	518667	120
0	0	518667	518694	80
0	0	518694	518932	80
0	0	518932	518952	120
0	0	518952	519572	80
0	0	519572	519602	120
0	0	519602	519792	80
0	0	519792	519872	120
0	0	519872	519899	75
0	0	519899	520127	75
0	0	520127	520137	120
0	0	520137	520477	80
0	0	520477	520557	120
0	0	520557	520867	80
0	0	520867	520887	120
0	0	520887	521064	80
0	0	521064	521321	80
0	0	521321	521331	120
0	0	521331	521581	80
0	0	521581	521751	120
0	0	521751	522051	80
0	0	522051	522061	120
0	0	522061	522134	80
0	0	522134	522868	80
0	0	522868	522958	120
0	0	522958	523324	95
0	0	523324	523424	95
0	0	523424	523684	120
0	0	523684	523974	90
0	0	523974	524084	120
0	0	524084	524464	85
0	0	524464	524509	120
0	0	524509	525104	120
0	0	525104	525184	80
0	0	525184	525214	120
0	0	525214	525304	80
0	0	525304	525384	120
0	0	525384	525564	95
0	0	525564	525729	120
0	0	525729	526203	120
0	0	526203	526733	105
0	0	526733	526869	120
0	0	526869	527448	120
0	0	527448	528039	105
0	0	528039	528054	105
0	0	528054	528374	120
0	0	528374	529054	105
0	0	529054	529209	120
0	0	529209	529493	120
0	0	529493	529593	80
0	0	529593	530589	120
0	0	530589	531539	120
0	0	531539	531674	100
0	0	531674	531677	100
0	0	531677	532774	120
0	0	532774	533959	120
0	0	533959	535054	120
0	0	535054	536109	120
0	0	536109	537139	120
0	0	537139	538174	120
0	0	538174	539239	120
0	0	539239	540389	120
0	0	540389	541444	120
0	0	541444	542556	120
0	0	542556	542569	95
0	0	542569	543091	95
0	0	543091	543589	120
0	0	543589	544634	120
0	0	544634	544851	120
0	0	544851	545171	95
0	0	545171	545684	120
0	0	545684	546719	120
0	0	546719	547749	120
0	0	547749	548347	120
0	0	548347	548824	105
0	0	548824	548840	105
0	0	548840	549859	120
0	0	549859	549887	120
0	0	549887	550017	80
0	0	550017	550197	120
0	0	550197	550357	80
0	0	550357	550957	120
0	0	550957	551134	90
0	0	551134	551190	90
0	0	551190	552249	120
0	0	552249	552615	120
0	0	552615	552915	95
0	0	552915	553005	120
0	0	553005	553125	80
0	0	553125	553135	120
0	0	553135	553275	80
0	0	553275	553309	120
0	0	553309	553348	80
0	0	553348	554424	120
0	0	554424	555559	120
0	0	555559	556684	120
0	0	556684	556873	120
0	0	556873	557293	110
0	0	557293	557383	120
0	0	557383	557713	100
0	0	557713	557844	120
0	0	557844	558954	120
0	0	558954	558967	120
0	0	558967	559407	100
0	0	559407	560059	120
0	0	560059	560941	120
0	0	560941	561121	85
0	0	561121	561174	120
0	0	561174	561501	120
0	0	561501	561691	100
0	0	561691	561921	120
0	0	561921	562031	100
0	0	562031	562091	120
0	0	562091	562191	100
0	0	562191	562211	120
0	0	562211	562264	80
0	0	562264	562466	80
0	0	562466	563399	120
0	0	563399	564509	120
0	0	564509	565714	120
0	0	565714	566375	120
0	0	566375	566804	110
0	0	566804	566844	110
0	0	566844	567819	120
0	0	567819	567904	110
0	0	567904	568697	110
0	0	568697	569064	120
0	0	569064	570124	120
0	0	570124	570186	120
0	0	570186	570706	110
0	0	570706	570956	120
0	0	570956	571204	85
0	0	571204	571281	85
0	0	571281	572619	120
0	0	572619	573979	120
0	0	573979	575309	120
0	0	575309	576394	120
0	0	576394	576454	100
0	0	576454	576814	120
0	0	576814	576884	70
0	0	576884	577684	120
0	0	577684	578008	45
0	0	578008	578088	45
0	0	578088	578168	45
0	0	578168	578208	45
0	0	578208	579094	45
0	0	579094	579184	85
0	0	579184	579244	80
0	0	579244	580159	85
0	0	580159	581199	85
0	0	581199	582349	85
0	0	582349	583464	85
0	0	583464	584627	85
0	0	584627	584747	80
0	0	584747	584777	85
0	0	584777	584887	70
0	0	584887	584889	85
0	0	584889	585804	45
0	0	585804	586435	80
0	0	586435	586884	25
0	0	586884	587594	25
0	0	587594	587944	80
0	0	587944	588022	80
0	0	588022	588382	70
0	0	588382	588712	80
0	0	588712	588952	68
0	0	588952	589669	80
0	0	589669	589669	80
