信号机编号  交路号  限速代号    原始公里标  连续公里标 长度

2450	2	1	244949	244949	1415
出站信号机:2450 车站号:148 公里标:244949
股道号:127 进岔限速:6 出岔限速:6 修正距离:1
股道号:1 进岔限速:6 出岔限速:6 修正距离:1
股道号:2 进岔限速:6 出岔限速:6 修正距离:1
股道号:4 进岔限速:6 出岔限速:6 修正距离:115

3472	2	2	347168	246364	1265
出站信号机:3472 车站号:151 公里标:245849
股道号:127 进岔限速:6 出岔限速:6 修正距离:-231
股道号:1 进岔限速:6 出岔限速:6 修正距离:-231
股道号:2 进岔限速:6 出岔限速:11 修正距离:-142
股道号:3 进岔限速:6 出岔限速:2 修正距离:1

3458	2	2	345898	247629	1070
出站信号机:3458 车站号:152 公里标:247164

3448	2	4	344825	248699	1065

3438	2	4	343760	249764	1060

3426	2	4	342697	250824	1070

3416	2	4	341622	251894	1085

3406	2	4	340534	252979	1330

3392	2	4	339197	254309	1190
出站信号机:3392 车站号:140 公里标:253619
股道号:127 进岔限速:6 出岔限速:6 修正距离:-64
股道号:4 进岔限速:1 出岔限速:1 修正距离:4
股道号:1 进岔限速:1 出岔限速:1 修正距离:-1
股道号:3 进岔限速:1 出岔限速:1 修正距离:-64
股道号:5 进岔限速:6 出岔限速:6 修正距离:-64

3380	2	4	338005	255499	1200

3368	2	4	336803	256699	1245

3356	2	4	335555	257944	1180

3344	2	4	334374	259124	1170

3332	2	4	333199	260294	1170

3320	2	4	332024	261464	1180

3308	2	4	330836	262644	1190

3296	2	4	329643	263834	1315
出站信号机:3296 车站号:139 公里标:263194
股道号:127 进岔限速:6 出岔限速:6 修正距离:1
股道号:4 进岔限速:6 出岔限速:1 修正距离:19
股道号:6 进岔限速:6 出岔限速:6 修正距离:7

3284	2	4	328325	265149	1170

3272	2	4	327153	266319	1035

3260	2	4	326111	267354	1295

3248	2	4	324814	268649	1185

3236	2	4	323622	269834	1215

3224	2	4	322404	271049	1195

3212	2	4	321221	272244	1145

3200	2	4	320071	273389	1180

3188	2	4	318708	274569	1475

3172	2	4	317229	276044	1015
出站信号机:3172 车站号:138 公里标:275549
股道号:127 进岔限速:1 出岔限速:1 修正距离:-192
股道号:4 进岔限速:1 出岔限速:1 修正距离:-110
股道号:6 进岔限速:1 出岔限速:1 修正距离:-109
股道号:3 进岔限速:1 出岔限速:1 修正距离:-192
股道号:1 进岔限速:1 出岔限速:1 修正距离:-192

3162	2	4	316206	277059	1265

3150	2	4	314937	278324	1225

3138	2	4	313706	279549	1175

3126	2	4	312527	280724	1180

3114	2	4	311345	281904	1175

3102	2	4	310168	283079	1180

3090	2	4	308983	284259	1175

3078	2	4	307803	285434	1185

3066	2	4	306628	286619	1185

3054	2	4	305440	287804	1130

3044	2	4	304307	288934	1235

3030	2	4	303066	290169	1175

3018	2	4	301888	291344	1515

3004	2	4	300368	292859	1180
出站信号机:3004 车站号:137 公里标:292524
股道号:127 进岔限速:6 出岔限速:6 修正距离:-75
股道号:4 进岔限速:1 出岔限速:1 修正距离:33
股道号:3 进岔限速:6 出岔限速:6 修正距离:-75
股道号:1 进岔限速:6 出岔限速:6 修正距离:-25

2992	2	4	299183	294039	1185

2980	2	4	297994	295224	1095

2970	2	4	296893	296319	1085

2958	2	4	295804	297404	1135

2946	2	4	294662	298539	1135

2936	2	4	293525	299674	1175

2924	2	4	292347	300849	1535

2912	2	4	290806	302384	1045
出站信号机:2912 车站号:136 公里标:301609
股道号:127 进岔限速:1 出岔限速:1 修正距离:-85
股道号:1 进岔限速:1 出岔限速:1 修正距离:-85
股道号:3 进岔限速:1 出岔限速:1 修正距离:-85
股道号:4 进岔限速:1 出岔限速:1 修正距离:-23
股道号:6 进岔限速:1 出岔限速:1 修正距离:-23

2898	2	4	289758	303429	1150

2886	2	4	288603	304579	1145

2874	2	4	287454	305724	1145

2864	2	4	286301	306869	1095

2852	2	4	285201	307964	1225

2842	2	4	284131	309189	1130

2830	2	4	282998	310319	1120

2818	2	4	281874	311439	1125

2808	2	4	280744	312564	1170

2796	2	4	279567	313734	1140

2784	2	4	278406	314874	1160

2772	2	4	277243	316034	1135

2762	2	4	276102	317169	1405

2748	2	4	274702	318574	1100

2736	2	4	273597	319674	1200

2724	2	4	272392	320874	1180

2712	2	4	271208	322054	1195

2700	2	4	270009	323249	1175

2688	2	4	268830	324424	1130
出站信号机:2688 车站号:134 公里标:323989
股道号:127 进岔限速:1 出岔限速:6 修正距离:-104
股道号:4 进岔限速:1 出岔限速:1 修正距离:60
股道号:6 进岔限速:1 出岔限速:6 修正距离:-104

2680	2	4	267982	325554	1170

2668	2	4	266808	326724	1185

2656	2	4	265620	327909	1135

2644	2	4	264485	329044	1125

2634	2	4	263360	330169	1125

2622	2	4	262235	331294	1125

2610	2	4	261108	332419	1165

2600	2	4	259936	333584	1545

2584	2	4	258389	335129	1160
出站信号机:2584 车站号:133 公里标:334444
股道号:127 进岔限速:1 出岔限速:1 修正距离:-87
股道号:4 进岔限速:1 出岔限速:1 修正距离:2
股道号:6 进岔限速:1 出岔限速:1 修正距离:7
股道号:1 进岔限速:1 出岔限速:1 修正距离:-87
股道号:3 进岔限速:1 出岔限速:1 修正距离:-87

2572	2	4	256078	336289	1170

2550	2	4	254902	337459	1200

2538	2	4	253700	338659	1190

2526	2	4	252508	339849	1205

2514	2	4	251300	341054	1210

2512	2	4	250088	342264	1205

2488	2	4	248879	343469	1285
出站信号机:2488 车站号:132 公里标:343084
股道号:127 进岔限速:1 出岔限速:1 修正距离:-124
股道号:3 进岔限速:1 出岔限速:1 修正距离:-124
股道号:1 进岔限速:1 出岔限速:1 修正距离:-43

2472	2	4	247598	344754	1300

2462	2	4	246295	346054	1265
出站信号机:2462 车站号:131 公里标:345234
股道号:127 进岔限速:1 出岔限速:1 修正距离:-1
股道号:4 进岔限速:1 出岔限速:1 修正距离:-1

2450	2	4	245030	347319	1210

2438	2	4	243820	348529	1260

2426	2	4	242560	349789	1260

2414	2	4	241298	351049	1245

2400	2	4	240050	352294	1250

2388	2	4	238800	353544	1255

2376	2	4	237541	354799	1275

2362	2	4	236265	356074	1345
出站信号机:2362 车站号:130 公里标:355709
股道号:127 进岔限速:1 出岔限速:1 修正距离:-24
股道号:4 进岔限速:1 出岔限速:1 修正距离:-24
股道号:1 进岔限速:1 出岔限速:1 修正距离:156
股道号:3 进岔限速:1 出岔限速:1 修正距离:106
股道号:5 进岔限速:1 出岔限速:1 修正距离:105

2350	2	4	234920	357419	1350

2336	2	4	233570	358769	1300

2322	2	4	232270	360069	1300

2310	2	4	230970	361369	1350

2296	2	4	229620	362719	1350

2282	2	4	228270	364069	1340

2270	2	4	226930	365409	1215

2254	2	4	225714	366624	1470

2242	2	4	224240	368094	1220
出站信号机:2242 车站号:129 公里标:367724
股道号:127 进岔限速:1 出岔限速:1 修正距离:-56
股道号:4 进岔限速:1 出岔限速:1 修正距离:-56

2230	2	4	223020	369314	1220

2218	2	4	221800	370534	1230

2206	2	4	220570	371764	1230

2194	2	4	219340	372994	1230

2182	2	4	218110	374224	1240

2168	2	4	216884	375464	1250

2156	2	4	215630	376714	1250

2144	2	4	214380	377964	1295

2130	2	4	213085	379259	1335

2118	2	4	211750	380594	1330

2104	2	4	210420	381924	1380

2090	2	4	209038	383304	1275
出站信号机:2090 车站号:128 公里标:382564
股道号:127 进岔限速:1 出岔限速:1 修正距离:-90
股道号:4 进岔限速:1 出岔限速:1 修正距离:-90
股道号:6 进岔限速:1 出岔限速:1 修正距离:-90

2078	2	4	207760	384579	1270

2064	2	4	206490	385849	1270

2052	2	4	205220	387119	1220

2040	2	4	204000	388339	1310

2026	2	4	202698	389649	1305

2014	2	4	201390	390954	1220

2002	2	4	200170	392174	1260

1990	2	4	198910	393434	1250

1976	2	4	197660	394684	1260

1964	2	4	196398	395944	1235

1952	2	4	195160	397179	1250

1940	2	4	193910	398429	1250

1926	2	4	192660	399679	1250

1914	2	4	191410	400929	1300

1900	2	4	190110	402229	1280

1888	2	4	188828	403509	1445
出站信号机:1888 车站号:127 公里标:402889
股道号:127 进岔限速:6 出岔限速:6 修正距离:1
股道号:1 进岔限速:1 出岔限速:1 修正距离:29
股道号:4 进岔限速:1 出岔限速:1 修正距离:6
股道号:6 进岔限速:1 出岔限速:1 修正距离:48
股道号:8 进岔限速:6 出岔限速:6 修正距离:1
股道号:3 进岔限速:1 出岔限速:1 修正距离:3

1874	2	4	187380	404954	1290

1860	2	4	186090	406244	1290

1848	2	4	184800	407534	1290

1836	2	4	183510	408824	1320

1822	2	4	182190	410144	1340

1808	2	4	180850	411484	1320

1796	2	4	179530	412804	1510

1780	2	4	178017	414314	1275
出站信号机:1780 车站号:126 公里标:413804
股道号:127 进岔限速:1 出岔限速:1 修正距离:-52
股道号:1 进岔限速:1 出岔限速:1 修正距离:-52
股道号:3 进岔限速:1 出岔限速:1 修正距离:-52
股道号:4 进岔限速:1 出岔限速:1 修正距离:1

1768	2	4	176740	415589	1280

1754	2	4	175460	416869	1290

1742	2	4	174170	418159	1290

1728	2	4	172880	419449	1290

1716	2	4	171590	420739	1290

1704	2	4	170300	422029	1290

1690	2	4	169008	423319	1260

1678	2	4	167743	424579	1280

1664	2	4	166456	425859	1225

1652	2	4	165226	427084	1350

1638	2	4	163873	428434	1240

1626	2	4	162629	429674	1235

1614	2	4	161388	430909	1265

1602	2	4	160116	432174	1495

1588	2	4	158619	433669	1200
出站信号机:1588 车站号:125 公里标:433234
股道号:127 进岔限速:6 出岔限速:6 修正距离:-140
股道号:1 进岔限速:1 出岔限速:1 修正距离:-90
股道号:4 进岔限速:6 出岔限速:6 修正距离:55
股道号:6 进岔限速:6 出岔限速:6 修正距离:-90
股道号:8 进岔限速:6 出岔限速:6 修正距离:-135
股道号:10 进岔限速:6 出岔限速:6 修正距离:-140
股道号:12 进岔限速:6 出岔限速:6 修正距离:-112

1574	2	4	157412	434869	1225

1560	2	4	156184	436094	1230

1548	2	4	154949	437324	1325

1536	2	4	153619	438649	1280

1522	2	4	152334	439929	1270

1510	2	4	151059	441199	1275

1496	2	4	149779	442474	1280

1484	2	4	148494	443754	1305

1472	2	4	147182	445059	1280

1458	2	4	145900	446339	1285

1446	2	4	144611	447624	1275

1432	2	4	143331	448899	1260

1420	2	4	142067	450159	1295

1408	2	4	140769	451454	1330

1394	2	4	139434	452784	1375

1380	2	4	138055	454159	1390
出站信号机:1380 车站号:123 公里标:453684
股道号:127 进岔限速:6 出岔限速:6 修正距离:-10
股道号:4 进岔限速:1 出岔限速:1 修正距离:-10
股道号:6 进岔限速:6 出岔限速:6 修正距离:-10

1366	2	4	136665	455549	1360

1354	2	4	135305	456909	1350

1340	2	4	133953	458259	1355

1326	2	4	132593	459614	1355

1312	2	4	131233	460969	1335

1298	2	4	129892	462304	1400

1284	2	4	128490	463704	1340
出站信号机:1284 车站号:122 公里标:463174
股道号:127 进岔限速:6 出岔限速:1 修正距离:-119
股道号:4 进岔限速:6 出岔限速:1 修正距离:-119
股道号:6 进岔限速:6 出岔限速:1 修正距离:-112

1272	2	4	127148	465044	1345

1258	2	4	125799	466389	1285

1244	2	4	124502	467674	1300

1232	2	4	123197	468974	1240

1220	2	4	121952	470214	1245

1206	2	4	120703	471459	1240

1194	2	4	119456	472699	1240

1182	2	4	118215	473939	1180

1170	2	4	117012	475119	1300

1156	2	4	115706	476419	1200

1144	2	4	114502	477619	1200

1132	2	4	113300	478819	1200

1120	2	4	112100	480019	1225

1108	2	4	110871	481244	1265

1096	2	4	109578	482509	1300

1082	2	4	108271	483809	1260

1070	2	4	107008	485069	1370

1056	2	4	105635	486439	1210

1044	2	4	104425	487649	1345

1030	2	4	103080	488994	1340

1018	2	4	101736	490334	1265

1004	2	4	100470	491599	1375

990	2	4	99094	492974	1400

976	2	4	97690	494374	1330
出站信号机:976 车站号:120 公里标:493924
股道号:127 进岔限速:1 出岔限速:1 修正距离:-29
股道号:4 进岔限速:1 出岔限速:1 修正距离:22
股道号:3 进岔限速:1 出岔限速:1 修正距离:-29
股道号:5 进岔限速:1 出岔限速:1 修正距离:-29
股道号:1 进岔限速:1 出岔限速:1 修正距离:-25

964	2	4	96357	495704	1355

950	2	4	94997	497059	1345

936	2	4	93650	498404	1345

924	2	4	92301	499749	1345

910	2	4	90957	501094	1345

896	2	4	89607	502439	1345

882	2	4	88260	503784	1380

868	2	4	86880	505164	1125
出站信号机:868 车站号:119 公里标:504674
股道号:127 进岔限速:6 出岔限速:6 修正距离:-185
股道号:1 进岔限速:1 出岔限速:1 修正距离:-2
股道号:3 进岔限速:1 出岔限速:1 修正距离:5
股道号:4 进岔限速:1 出岔限速:1 修正距离:-3
股道号:5 进岔限速:1 出岔限速:1 修正距离:-27
股道号:7 进岔限速:6 出岔限速:6 修正距离:-124
股道号:9 进岔限速:6 出岔限速:6 修正距离:-185

858	2	4	85720	506289	1025

848	2	4	84693	507314	1095

836	2	4	83593	508409	1095

826	2	4	82493	509504	1100

814	2	4	81389	510604	1125

802	2	4	80258	511729	1090

792	2	4	79163	512819	1330

778	2	4	77827	514149	1110
出站信号机:778 车站号:118 公里标:513699
股道号:127 进岔限速:6 出岔限速:6 修正距离:-60
股道号:4 进岔限速:1 出岔限速:1 修正距离:-22
股道号:1 进岔限速:1 出岔限速:1 修正距离:7
股道号:3 进岔限速:1 出岔限速:1 修正距离:7
股道号:6 进岔限速:6 出岔限速:6 修正距离:-60

768	2	4	76713	515259	1060

758	2	4	75650	516319	1165

746	2	4	74483	517484	1210

734	2	4	73268	518694	1205

720	2	4	72058	519899	1165

710	2	4	70887	521064	1070

698	2	4	69814	522134	1190

686	2	4	68620	523324	1185

674	2	4	67435	524509	1220

662	2	4	66214	525729	1140

650	2	4	65069	526869	1170

640	2	4	63895	528039	1170

628	2	4	62724	529209	1380

614	2	4	61340	530589	1085
出站信号机:614 车站号:117 公里标:530129
股道号:127 进岔限速:6 出岔限速:6 修正距离:-207
股道号:4 进岔限速:1 出岔限速:1 修正距离:-27
股道号:1 进岔限速:1 出岔限速:1 修正距离:5
股道号:3 进岔限速:1 出岔限速:6 修正距离:-48
股道号:5 进岔限速:6 出岔限速:6 修正距离:-130
股道号:7 进岔限速:6 出岔限速:6 修正距离:-167
股道号:9 进岔限速:6 出岔限速:6 修正距离:-207

602	2	4	60253	531674	1100

592	2	4	59149	532774	1185

580	2	4	57959	533959	1095

568	2	4	56860	535054	1055

558	2	4	55801	536109	1030

548	2	4	54768	537139	1035

538	2	4	53729	538174	1065

526	2	4	52659	539239	1150

514	2	4	51503	540389	1055
出站信号机:514 车站号:116 公里标:540109
股道号:127 进岔限速:1 出岔限速:1 修正距离:-44
股道号:1 进岔限速:1 出岔限速:1 修正距离:-23
股道号:3 进岔限速:1 出岔限速:1 修正距离:-44
股道号:4 进岔限速:1 出岔限速:1 修正距离:-6

504	2	4	50442	541444	1125

494	2	4	49312	542569	1020

484	2	4	48289	543589	1045

472	2	4	47237	544634	1050

462	2	4	46184	545684	1035

452	2	4	45142	546719	1030

440	2	4	44108	547749	1075

430	2	4	43026	548824	1035

420	2	4	41988	549859	1275

408	2	4	40706	551134	1115
出站信号机:408 车站号:115 公里标:550519
股道号:127 进岔限速:6 出岔限速:6 修正距离:-58
股道号:1 进岔限速:1 出岔限速:1 修正距离:7
股道号:3 进岔限速:6 出岔限速:6 修正距离:-8
股道号:5 进岔限速:6 出岔限速:6 修正距离:-58
股道号:4 进岔限速:1 出岔限速:1 修正距离:-9

396	2	4	39586	552249	1060

386	2	4	38521	553309	1115

374	2	4	37402	554424	1135

362	2	4	36265	555559	1125

352	2	4	35139	556684	1160

340	2	4	33975	557844	1110

328	2	4	32863	558954	1105

318	2	4	31752	560059	1115

306	2	4	30647	561174	1090

296	2	4	29552	562264	1135

284	2	4	28415	563399	1110

274	2	4	27304	564509	1205

262	2	4	26091	565714	1090

250	2	4	25000	566804	1100

240	2	4	23873	567904	1160

228	2	4	22708	569064	1060

216	2	4	21642	570124	1080

206	2	4	20557	571204	1415

192	2	4	19136	572619	1360
出站信号机:192 车站号:114 公里标:571894
股道号:127 进岔限速:6 出岔限速:1 修正距离:-42
股道号:1 进岔限速:6 出岔限速:1 修正距离:134
股道号:3 进岔限速:6 出岔限速:1 修正距离:24
股道号:5 进岔限速:6 出岔限速:1 修正距离:24
股道号:4 进岔限速:1 出岔限速:1 修正距离:-42
股道号:6 进岔限速:1 出岔限速:1 修正距离:-42

178	0	4	17773	573979	1330

164	0	4	16445	575309	2375

76	0	4	7624	577684	1410
出站信号机:76 车站号:927 公里标:577299
股道号:1 进岔限速:1 出岔限速:1 修正距离:-82
股道号:2 进岔限速:1 出岔限速:1 修正距离:-61
股道号:4 进岔限速:1 出岔限速:23 修正距离:52
股道号:5 进岔限速:6 出岔限速:6 修正距离:-10
股道号:6 进岔限速:6 出岔限速:6 修正距离:-93

64	0	23	6210	579094	1065

52	0	23	5143	580159	1040

40	0	23	4100	581199	1150

30	0	23	2950	582349	1115

12	0	23	1833	583464	1425

4	0	23	402	584889	915
出站信号机:4 车站号:859 公里标:584344
股道号:127 进岔限速:6 出岔限速:6 修正距离:-86
股道号:1 进岔限速:1 出岔限速:1 修正距离:107
股道号:2 进岔限速:1 出岔限速:1 修正距离:-29
股道号:3 进岔限速:1 出岔限速:1 修正距离:-64
股道号:4 进岔限速:1 出岔限速:2 修正距离:-64
股道号:6 进岔限速:6 出岔限速:6 修正距离:-86
股道号:7 进岔限速:6 出岔限速:6 修正距离:-86
股道号:8 进岔限速:6 出岔限速:6 修正距离:-13

110	0	2	11131	585804	1080

100	0	2	10050	586884	1060

90	0	2	8988	587944	1725

72	0	2	7260	589669	0
出站信号机:72 车站号:877 公里标:588944
股道号:127 进岔限速:6 出岔限速:6 修正距离:178
股道号:2 进岔限速:6 出岔限速:6 修正距离:216
股道号:3 进岔限速:6 出岔限速:6 修正距离:224
股道号:4 进岔限速:6 出岔限速:6 修正距离:213
股道号:5 进岔限速:6 出岔限速:6 修正距离:211
股道号:6 进岔限速:6 出岔限速:6 修正距离:287
股道号:7 进岔限速:6 出岔限速:6 修正距离:316
股道号:8 进岔限速:6 出岔限速:6 修正距离:218
股道号:9 进岔限速:6 出岔限速:6 修正距离:224
股道号:10 进岔限速:6 出岔限速:6 修正距离:225
股道号:11 进岔限速:6 出岔限速:6 修正距离:276
股道号:12 进岔限速:6 出岔限速:6 修正距离:274
股道号:13 进岔限速:6 出岔限速:6 修正距离:187
股道号:14 进岔限速:6 出岔限速:6 修正距离:178
